(-0.095486190, 0.037619070, -0.016831820)
(-0.095486190, 0.037619070, -0.016831820)
(-0.130038100, 0.040356990, -0.015221600)
(-0.130038100, 0.040356990, -0.015221600)
(-0.172986000, 0.044471040, -0.013307030)
(-0.172986000, 0.044471040, -0.013307030)
(-0.197532100, 0.046020230, -0.013130040)
(-0.197532100, 0.046020230, -0.013130040)
(-0.221089400, 0.048628270, -0.012542960)
(-0.221089400, 0.048628270, -0.012542960)
(-0.287212800, 0.053829030, -0.008079499)
(-0.287212800, 0.053829030, -0.008079499)
(-0.308115600, 0.057326530, -0.007457316)
(-0.308115600, 0.057326530, -0.007457316)
(-0.351683700, 0.066163820, -0.003830701)
(-0.351683700, 0.066163820, -0.003830701)
(-0.391775300, 0.073483840, -0.002620876)
(-0.391775300, 0.073483840, -0.002620876)
(-0.409980300, 0.074942740, -0.002786189)
(-0.409980300, 0.074942740, -0.002786189)
(-0.448152200, 0.079748790, -0.004081994)
(-0.448152200, 0.079748790, -0.004081994)
(-0.484775500, 0.087509360, -0.006417125)
(-0.484775500, 0.087509360, -0.006417125)
(-0.502220200, 0.093452690, -0.008263528)
(-0.502220200, 0.093452690, -0.008263528)
(-0.534901300, 0.105043300, -0.014166830)
(-0.534901300, 0.105043300, -0.014166830)
(-0.565822200, 0.113115500, -0.023346330)
(-0.565822200, 0.113115500, -0.023346330)
(-0.578809300, 0.117780300, -0.026908250)
(-0.578809300, 0.117780300, -0.026908250)
(-0.605327500, 0.126071900, -0.033286870)
(-0.605327500, 0.126071900, -0.033286870)
(-0.631378500, 0.128860000, -0.040979090)
(-0.631378500, 0.128860000, -0.040979090)
(-0.644194100, 0.131524700, -0.043961670)
(-0.644194100, 0.131524700, -0.043961670)
(-0.662013200, 0.142106500, -0.043142940)
(-0.662013200, 0.142106500, -0.043142940)
(-0.682963000, 0.141001600, -0.040318520)
(-0.682963000, 0.141001600, -0.040318520)
(-0.690814600, 0.142306100, -0.038677390)
(-0.690814600, 0.142306100, -0.038677390)
(-0.704531300, 0.141822600, -0.038926690)
(-0.704531300, 0.141822600, -0.038926690)
(-0.720400900, 0.138303600, -0.043360680)
(-0.720400900, 0.138303600, -0.043360680)
(-0.729259700, 0.139477100, -0.045088770)
(-0.729259700, 0.139477100, -0.045088770)
(-0.743934500, 0.138633200, -0.047333480)
(-0.743934500, 0.138633200, -0.047333480)
(-0.760025900, 0.137237800, -0.048305960)
(-0.760025900, 0.137237800, -0.048305960)
(-0.767610400, 0.139672100, -0.048186510)
(-0.767610400, 0.139672100, -0.048186510)
(-0.776053200, 0.144222300, -0.050361960)
(-0.776053200, 0.144222300, -0.050361960)
(-0.781586100, 0.151793300, -0.051819030)
(-0.781586100, 0.151793300, -0.051819030)
(-0.784286900, 0.156654300, -0.054519180)
(-0.784286900, 0.156654300, -0.054519180)
(-0.787278100, 0.166357700, -0.058673410)
(-0.787278100, 0.166357700, -0.058673410)
(-0.792029800, 0.170877100, -0.062624130)
(-0.792029800, 0.170877100, -0.062624130)
(-0.791918300, 0.174671700, -0.065057190)
(-0.791918300, 0.174671700, -0.065057190)
(-0.790607300, 0.178938600, -0.064922990)
(-0.790607300, 0.178938600, -0.064922990)
(-0.789406600, 0.177691400, -0.062951360)
(-0.789406600, 0.177691400, -0.062951360)
(-0.787365600, 0.176418100, -0.063264070)
(-0.787365600, 0.176418100, -0.063264070)
(-0.778636600, 0.171947900, -0.064314480)
(-0.778636600, 0.171947900, -0.064314480)
(-0.772966600, 0.169505100, -0.058386860)
(-0.772966600, 0.169505100, -0.058386860)
(-0.768658600, 0.167252400, -0.054567720)
(-0.768658600, 0.167252400, -0.054567720)
(-0.751848400, 0.156226500, -0.044705690)
(-0.751848400, 0.156226500, -0.044705690)
(-0.733864100, 0.156814300, -0.035250570)
(-0.733864100, 0.156814300, -0.035250570)
(-0.720178900, 0.160578100, -0.029693960)
(-0.720178900, 0.160578100, -0.029693960)
(-0.692214700, 0.163398100, -0.026243240)
(-0.692214700, 0.163398100, -0.026243240)
(-0.651211900, 0.171705900, -0.024827600)
(-0.651211900, 0.171705900, -0.024827600)
(-0.633781800, 0.169422700, -0.024032860)
(-0.633781800, 0.169422700, -0.024032860)
(-0.567132100, 0.167239900, -0.021064520)
(-0.567132100, 0.167239900, -0.021064520)
(-0.548245400, 0.159352600, -0.018571260)
(-0.548245400, 0.159352600, -0.018571260)
(-0.527088000, 0.155029300, -0.017123430)
(-0.527088000, 0.155029300, -0.017123430)
(-0.454437200, 0.127403200, 0.000101686)
(-0.454437200, 0.127403200, 0.000101686)
(-0.434781300, 0.124180000, 0.002941847)
(-0.434781300, 0.124180000, 0.002941847)
(-0.414611500, 0.115971100, 0.010486930)
(-0.414611500, 0.115971100, 0.010486930)
(-0.346067900, 0.098674040, 0.014008190)
(-0.346067900, 0.098674040, 0.014008190)
(-0.326148500, 0.094087300, 0.016161890)
(-0.326148500, 0.094087300, 0.016161890)
(-0.303229900, 0.079673070, 0.021682830)
(-0.303229900, 0.079673070, 0.021682830)
(-0.244545600, 0.063791450, 0.019739120)
(-0.244545600, 0.063791450, 0.019739120)
(-0.223815100, 0.058367910, 0.020573410)
(-0.223815100, 0.058367910, 0.020573410)
(-0.205041300, 0.053503400, 0.023798350)
(-0.205041300, 0.053503400, 0.023798350)
(-0.152918700, 0.056481540, 0.014624710)
(-0.152918700, 0.056481540, 0.014624710)
(-0.117519000, 0.054082470, 0.017133560)
(-0.117519000, 0.054082470, 0.017133560)
(-0.117519000, 0.054082470, 0.017133560)
(-0.117519000, 0.054082470, 0.017133560)
(-0.074830450, 0.041089040, 0.018855930)
(-0.074830450, 0.041089040, 0.018855930)
(-0.048544380, 0.020854550, 0.019715340)
(-0.048544380, 0.020854550, 0.019715340)
(-0.034582480, 0.006916717, 0.020611170)
(-0.034582480, 0.006916717, 0.020611170)
(-0.013979950, -0.015940810, 0.019947590)
(-0.013979950, -0.015940810, 0.019947590)
(0.013840110, -0.037731700, 0.022822200)
(0.013840110, -0.037731700, 0.022822200)
(0.020546440, -0.046350160, 0.022463500)
(0.020546440, -0.046350160, 0.022463500)
(0.027667820, -0.036144480, -0.010354970)
(0.027667820, -0.036144480, -0.010354970)
(0.004194140, 0.011400650, -0.044293520)
(0.004194140, 0.011400650, -0.044293520)
(-0.006044835, 0.016458620, -0.042878690)
(-0.006044835, 0.016458620, -0.042878690)
(-0.000405043, -0.005659062, -0.024460290)
(-0.000405043, -0.005659062, -0.024460290)
(0.005811304, -0.034215060, -0.002716333)
(0.005811304, -0.034215060, -0.002716333)
(0.008006953, -0.041265140, 0.002862364)
(0.008006953, -0.041265140, 0.002862364)
(0.011346860, -0.028541210, -0.002469093)
(0.011346860, -0.028541210, -0.002469093)
(0.003534958, 0.006573692, -0.023617420)
(0.003534958, 0.006573692, -0.023617420)
(-0.000275016, 0.020830680, -0.032685730)
(-0.000275016, 0.020830680, -0.032685730)
(-0.006452531, 0.032833230, -0.041569860)
(-0.006452531, 0.032833230, -0.041569860)
(-0.011961000, 0.032697570, -0.040812520)
(-0.011961000, 0.032697570, -0.040812520)
(-0.012450500, 0.032384920, -0.038376630)
(-0.012450500, 0.032384920, -0.038376630)
(-0.015560960, 0.029947200, -0.032766400)
(-0.015560960, 0.029947200, -0.032766400)
(-0.023002120, 0.029468480, -0.026543530)
(-0.023002120, 0.029468480, -0.026543530)
(-0.029356450, 0.032517910, -0.024445120)
(-0.029356450, 0.032517910, -0.024445120)
(-0.031613690, 0.034875940, -0.022798930)
(-0.031613690, 0.034875940, -0.022798930)
(-0.029776020, 0.027461570, -0.019591210)
(-0.029776020, 0.027461570, -0.019591210)
(-0.030413230, 0.024198000, -0.020278900)
(-0.030413230, 0.024198000, -0.020278900)
(-0.034268690, 0.022299740, -0.036144410)
(-0.034268690, 0.022299740, -0.036144410)
(-0.036158120, 0.020526540, -0.041615660)
(-0.036158120, 0.020526540, -0.041615660)
(-0.034838720, 0.016824640, -0.046872110)
(-0.034838720, 0.016824640, -0.046872110)
(-0.036328570, 0.012330160, -0.060776350)
(-0.036328570, 0.012330160, -0.060776350)
(-0.041379270, 0.010598410, -0.072121440)
(-0.041379270, 0.010598410, -0.072121440)
(-0.043770480, 0.009590775, -0.075027670)
(-0.043770480, 0.009590775, -0.075027670)
(-0.045501400, 0.012257240, -0.085802790)
(-0.045501400, 0.012257240, -0.085802790)
(-0.048374340, 0.015100110, -0.089294640)
(-0.048374340, 0.015100110, -0.089294640)
(-0.051629980, 0.018426200, -0.091159140)
(-0.051629980, 0.018426200, -0.091159140)
(-0.057427970, 0.025442920, -0.092701940)
(-0.057427970, 0.025442920, -0.092701940)
(-0.057608850, 0.030652790, -0.094209940)
(-0.057608850, 0.030652790, -0.094209940)
(-0.057265840, 0.032826040, -0.093491970)
(-0.057265840, 0.032826040, -0.093491970)
(-0.057401310, 0.037649690, -0.088249920)
(-0.057401310, 0.037649690, -0.088249920)
(-0.057294150, 0.038933780, -0.084546180)
(-0.057294150, 0.038933780, -0.084546180)
(-0.055776690, 0.040375340, -0.080396980)
(-0.055776690, 0.040375340, -0.080396980)
(-0.054262060, 0.051312480, -0.071676640)
