(0.016203660, -0.053305600, -0.007860435)
(0.023084470, -0.081927750, -0.029484630)
(0.023084470, -0.081927750, -0.029484630)
(0.014078100, -0.129485600, -0.036868750)
(0.014078100, -0.129485600, -0.036868750)
(0.065749240, -0.182385200, -0.137671100)
(0.065749240, -0.182385200, -0.137671100)
(0.083071520, -0.195427400, -0.090258810)
(0.083071520, -0.195427400, -0.090258810)
(-0.050151520, -0.335545400, -0.093878470)
(-0.050151520, -0.335545400, -0.093878470)
(-0.023953550, -0.496765900, -0.122131700)
(-0.023953550, -0.496765900, -0.122131700)
(0.011104440, -0.470360000, -0.114978500)
(0.011104440, -0.470360000, -0.114978500)
(0.034671170, -0.303873600, 0.026532090)
(0.034671170, -0.303873600, 0.026532090)
(0.061640530, -0.270093700, -0.022291220)
(0.061640530, -0.270093700, -0.022291220)
(0.043066390, -0.109655500, -0.075960190)
(0.043066390, -0.109655500, -0.075960190)
(0.032868810, -0.079677390, -0.163117500)
(0.032868810, -0.079677390, -0.163117500)
(0.011630350, -0.085530140, -0.162224100)
(0.011630350, -0.085530140, -0.162224100)
(-0.011398720, -0.085277490, -0.142628800)
(-0.011398720, -0.085277490, -0.142628800)
(0.020465820, -0.014553950, -0.158725100)
(0.020465820, -0.014553950, -0.158725100)
(-0.037741230, 0.213784200, -0.117071200)
(-0.037741230, 0.213784200, -0.117071200)
(-0.005530253, 0.237619300, -0.114187100)
(0.003921709, 0.197303000, -0.128184300)
(0.003921709, 0.197303000, -0.128184300)
(0.003921709, 0.197303000, -0.128184300)
(-0.132283900, -0.020896490, -0.148104400)
(-0.132283900, -0.020896490, -0.148104400)
(-0.140361700, 0.016456940, -0.326862400)
(-0.081235330, 0.180724000, -0.321374100)
(-0.081235330, 0.180724000, -0.321374100)
(-0.060948650, 0.261510000, -0.117545000)
(-0.060948650, 0.261510000, -0.117545000)
(-0.060948650, 0.261510000, -0.117545000)
(-0.058124290, 0.182156500, -0.091245340)
(0.041919860, 0.240378600, -0.184371500)
(0.041919860, 0.240378600, -0.184371500)
(0.074286700, 0.250748800, -0.204431500)
(0.074286700, 0.250748800, -0.204431500)
(0.074286700, 0.250748800, -0.204431500)
(0.033628260, 0.096306940, -0.121892000)
(-0.036013760, -0.079455760, -0.101042300)
(-0.036013760, -0.079455760, -0.101042300)
(0.140438300, 0.116842100, -0.207586900)
(0.140438300, 0.116842100, -0.207586900)
(0.140438300, 0.116842100, -0.207586900)
(0.057193430, 0.152169200, -0.066282460)
(-0.024654840, 0.021834150, -0.036650450)
(-0.024654840, 0.021834150, -0.036650450)
(0.061260910, -0.045025300, -0.178930900)
(0.061260910, -0.045025300, -0.178930900)
(0.113437100, 0.119581900, -0.159016900)
(0.113437100, 0.119581900, -0.159016900)
(-0.035370860, 0.144302500, -0.137478000)
(-0.035370860, 0.144302500, -0.137478000)
(-0.019003660, 0.053626860, -0.180152000)
(-0.019003660, 0.053626860, -0.180152000)
(0.051349140, 0.086874490, -0.081077530)
(0.051349140, 0.086874490, -0.081077530)
(-0.042315140, 0.005371866, -0.113941300)
(-0.042315140, 0.005371866, -0.113941300)
(-0.017340250, -0.157189400, -0.072279800)
(-0.017340250, -0.157189400, -0.072279800)
(-0.006547131, -0.183209200, -0.034733630)
(-0.006547131, -0.183209200, -0.034733630)
(0.037571910, 0.063769410, -0.076554600)
(0.037571910, 0.063769410, -0.076554600)
(0.055445720, 0.216637200, -0.157067100)
(0.055445720, 0.216637200, -0.157067100)
(0.003403640, 0.201861300, -0.049514500)
(0.003403640, 0.201861300, -0.049514500)
(-0.020613620, 0.163997900, -0.115622400)
(-0.020613620, 0.163997900, -0.115622400)
(-0.027622210, 0.003840507, -0.058851110)
(-0.027622210, 0.003840507, -0.058851110)
(-0.022808860, -0.016611080, -0.012827990)
(-0.022808860, -0.016611080, -0.012827990)
(-0.005965570, -0.032911250, -0.011369330)
(-0.005965570, -0.032911250, -0.011369330)
(0.000264684, 0.098564940, -0.097713240)
(0.000264684, 0.098564940, -0.097713240)
(-0.025022410, 0.067796540, -0.058356090)
(-0.025022410, 0.067796540, -0.058356090)
(-0.106411300, -0.001773215, 0.000870610)
(-0.106411300, -0.001773215, 0.000870610)
(-0.061661850, 0.137955700, -0.037931890)
(-0.061661850, 0.137955700, -0.037931890)
(0.027490630, 0.242505400, -0.060273700)
(0.027490630, 0.242505400, -0.060273700)
(0.016365250, -0.071773280, 0.027293810)
(0.016365250, -0.071773280, 0.027293810)
(0.157346600, -0.148165200, -0.128874000)
(0.157346600, -0.148165200, -0.128874000)
(-0.045357900, 0.014300180, -0.063742980)
(-0.045357900, 0.014300180, -0.063742980)
(-0.150696300, -0.043875060, 0.133424500)
(-0.150696300, -0.043875060, 0.133424500)
(-0.020240160, 0.026955900, 0.030827090)
(-0.020240160, 0.026955900, 0.030827090)
(0.156678000, 0.170671300, -0.115193900)
(0.156678000, 0.170671300, -0.115193900)
(-0.070880570, -0.072774650, 0.098515210)
(-0.070880570, -0.072774650, 0.098515210)
(0.025513790, 0.040960160, -0.113486700)
(0.025513790, 0.040960160, -0.113486700)
(0.171103700, 0.119651800, -0.033038450)
(0.171103700, 0.119651800, -0.033038450)
(0.056997330, -0.038830720, 0.025178860)
(0.056997330, -0.038830720, 0.025178860)
(0.035218170, 0.106791100, -0.193639800)
(0.035218170, 0.106791100, -0.193639800)
(0.005725056, 0.368354800, -0.085748000)
(0.005725056, 0.368354800, -0.085748000)
(-0.043706770, 0.083463330, -0.105062100)
(-0.043706770, 0.083463330, -0.105062100)
(0.027728850, 0.062747050, -0.217112100)
(0.027728850, 0.062747050, -0.217112100)
(0.016903110, 0.178872700, -0.291529900)
(-0.027046660, 0.284072300, -0.141940700)
(-0.027046660, 0.284072300, -0.141940700)
(-0.011172720, 0.216616400, -0.247875300)
(-0.011172720, 0.216616400, -0.247875300)
(-0.058498320, 0.099760400, -0.289043200)
(-0.058498320, 0.099760400, -0.289043200)
(0.027409810, -0.019398880, -0.261222700)
(0.027409810, -0.019398880, -0.261222700)
(0.098841640, 0.090813320, -0.257849300)
(0.098841640, 0.090813320, -0.257849300)
(0.025426460, 0.021310280, -0.238197500)
(0.025426460, 0.021310280, -0.238197500)
(0.050149970, -0.061635600, -0.325806600)
(0.050149970, -0.061635600, -0.325806600)
(0.110045100, -0.040733180, -0.292459800)
(0.110045100, -0.040733180, -0.292459800)
(-0.034236870, -0.087406730, -0.112979900)
(-0.034236870, -0.087406730, -0.112979900)
(-0.019604500, -0.000075659, -0.179637000)
(-0.019604500, -0.000075659, -0.179637000)
(-0.023618530, 0.129793300, -0.087959590)
(-0.023618530, 0.129793300, -0.087959590)
(-0.080014750, -0.043444490, -0.076597060)
(-0.080014750, -0.043444490, -0.076597060)
(-0.054838880, -0.170449100, -0.030289450)
(-0.054838880, -0.170449100, -0.030289450)
(0.001385880, -0.019085160, -0.038406670)
(0.001385880, -0.019085160, -0.038406670)
(-0.037310570, 0.049490190, 0.010889360)
(-0.037310570, 0.049490190, 0.010889360)
(-0.017662280, -0.006884360, 0.019192910)
(-0.017662280, -0.006884360, 0.019192910)
(-0.017662280, -0.006884360, 0.019192910)
(-0.017662280, -0.006884360, 0.019192910)
(0.028930090, -0.022233600, 0.059086930)
(0.028930090, -0.022233600, 0.059086930)
(0.004972008, -0.023563900, -0.044768760)
(0.004972008, -0.023563900, -0.044768760)
(0.004972008, -0.023563900, -0.044768760)
(-0.005625756, 0.046002590, -0.019287430)
(0.014109730, 0.082582520, 0.180379400)
(0.014109730, 0.082582520, 0.180379400)
(0.048268560, -0.138601400, -0.000047651)
(0.048268560, -0.138601400, -0.000047651)
(0.050206590, -0.175549600, -0.084669890)
(0.050206590, -0.175549600, -0.084669890)
(0.096691890, -0.037997960, 0.082499510)
(0.096691890, -0.037997960, 0.082499510)
(0.045389540, -0.152927500, 0.027894440)
(0.045389540, -0.152927500, 0.027894440)
(0.028372010, -0.229676100, -0.073777170)
(0.028372010, -0.229676100, -0.073777170)
(0.074308680, -0.208605300, -0.088359660)
(0.074308680, -0.208605300, -0.088359660)
(-0.002799567, -0.238191300, -0.043139570)
(-0.002799567, -0.238191300, -0.043139570)
(-0.021876570, -0.304715600, -0.049334540)
(-0.021876570, -0.304715600, -0.049334540)
(-0.014455180, -0.415327900, -0.059401530)
(-0.014455180, -0.415327900, -0.059401530)
(0.032642580, -0.318537600, -0.068890470)
(0.032642580, -0.318537600, -0.068890470)
(0.082140820, -0.168128500, -0.012538050)
(0.082140820, -0.168128500, -0.012538050)
(0.029232820, -0.227311300, -0.093235470)
(0.029232820, -0.227311300, -0.093235470)
(0.076993470, -0.183258800, -0.068490400)
(0.076993470, -0.183258800, -0.068490400)
(0.076993470, -0.183258800, -0.068490400)
(0.076993470, -0.183258800, -0.068490400)
(-0.054309360, -0.049555610, 0.015128920)
(-0.054309360, -0.049555610, 0.015128920)
(-0.071403490, -0.053004500, -0.024626140)
(-0.071403490, -0.053004500, -0.024626140)
