(-0.001795539, 0.011007070, 0.002142075)
(-0.001795539, 0.011007070, 0.002142075)
(-0.002619300, 0.007500303, 0.007439450)
(0.000242560, 0.019661420, 0.024796220)
(0.000242560, 0.019661420, 0.024796220)
(0.000242560, 0.019661420, 0.024796220)
(0.007702584, 0.048503250, -0.001370220)
(0.007702584, 0.048503250, -0.001370220)
(0.008676067, 0.068399700, -0.003220553)
(0.009310907, 0.009993358, 0.013960690)
(0.009310907, 0.009993358, 0.013960690)
(0.009310907, 0.009993358, 0.013960690)
(0.009310907, 0.009993358, 0.013960690)
(-0.031981240, -0.058829190, -0.026667760)
(-0.031981240, -0.058829190, -0.026667760)
(0.009652799, -0.059911440, -0.019858960)
(0.009652799, -0.059911440, -0.019858960)
(0.001972940, -0.071987890, -0.006464347)
(0.001972940, -0.071987890, -0.006464347)
(-0.002723559, -0.137758000, -0.070307280)
(-0.002723559, -0.137758000, -0.070307280)
(0.013105590, -0.241934600, -0.123995300)
(0.013105590, -0.241934600, -0.123995300)
(0.049095590, -0.294894800, -0.145765500)
(0.049095590, -0.294894800, -0.145765500)
(-0.006505480, -0.330155900, -0.198218900)
(-0.006505480, -0.330155900, -0.198218900)
(0.053844940, -0.301587500, -0.087222350)
(0.053844940, -0.301587500, -0.087222350)
(-0.017561900, -0.230036000, -0.068606220)
(-0.017561900, -0.230036000, -0.068606220)
(-0.029078980, -0.173424500, 0.054067200)
(-0.029078980, -0.173424500, 0.054067200)
(0.064145960, -0.153585800, 0.169001800)
(0.064145960, -0.153585800, 0.169001800)
(0.145650200, -0.313790100, 0.200144100)
(0.145650200, -0.313790100, 0.200144100)
(-0.088225900, -0.245327400, -0.195361700)
(-0.088225900, -0.245327400, -0.195361700)
(0.121139100, -0.117299800, -0.075833190)
(0.121139100, -0.117299800, -0.075833190)
(0.167124000, -0.127661200, 0.024356470)
(0.167124000, -0.127661200, 0.024356470)
(0.070987670, -0.111793700, -0.199313900)
(0.070987670, -0.111793700, -0.199313900)
(0.115428200, -0.035410080, -0.270993400)
(0.115428200, -0.035410080, -0.270993400)
(0.047172020, -0.030201540, -0.276565500)
(0.047172020, -0.030201540, -0.276565500)
(-0.105509500, 0.172463100, -0.160562400)
(-0.105509500, 0.172463100, -0.160562400)
(-0.032319580, 0.204499100, -0.147901400)
(-0.032319580, 0.204499100, -0.147901400)
(0.034935340, 0.240737100, -0.094135490)
(0.034935340, 0.240737100, -0.094135490)
(0.020441370, 0.194624600, -0.112785300)
(0.020441370, 0.194624600, -0.112785300)
(0.180633800, 0.038244710, -0.199338700)
(0.180633800, 0.038244710, -0.199338700)
(0.185726500, 0.106327500, -0.164651400)
(0.185726500, 0.106327500, -0.164651400)
(0.006945875, 0.260096100, -0.077457760)
(0.006945875, 0.260096100, -0.077457760)
(0.043007950, 0.145143100, -0.313249500)
(0.043007950, 0.145143100, -0.313249500)
(0.032434610, 0.139515300, -0.261248900)
(0.032434610, 0.139515300, -0.261248900)
(-0.122018000, -0.005731489, -0.032511050)
(-0.122018000, -0.005731489, -0.032511050)
(0.015358930, -0.158283200, -0.026595060)
(0.015358930, -0.158283200, -0.026595060)
(0.129646400, -0.093347980, -0.075846280)
(0.129646400, -0.093347980, -0.075846280)
(-0.049418700, 0.109007000, -0.213075400)
(-0.049418700, 0.109007000, -0.213075400)
(-0.075015750, 0.156690800, -0.275251900)
(-0.075015750, 0.156690800, -0.275251900)
(-0.088476010, 0.205700600, -0.260204400)
(-0.088476010, 0.205700600, -0.260204400)
(-0.033243290, 0.006917133, -0.000827821)
(-0.033243290, 0.006917133, -0.000827821)
(-0.009938370, 0.072183870, -0.225213600)
(-0.009938370, 0.072183870, -0.225213600)
(0.103700600, 0.172947800, -0.213868000)
(0.103700600, 0.172947800, -0.213868000)
(-0.004819509, 0.092066160, 0.012043360)
(-0.004819509, 0.092066160, 0.012043360)
(-0.023154430, -0.051354480, -0.123529900)
(-0.023154430, -0.051354480, -0.123529900)
(0.039518030, -0.020759660, -0.165103500)
(0.039518030, -0.020759660, -0.165103500)
(0.101526300, 0.215005400, -0.061225840)
(0.101526300, 0.215005400, -0.061225840)
(-0.076914330, 0.131297900, -0.170899900)
(-0.076914330, 0.131297900, -0.170899900)
(-0.081569700, 0.118431900, -0.136520000)
(0.021080140, 0.105660100, 0.011853360)
(0.021080140, 0.105660100, 0.011853360)
(0.021080140, 0.105660100, 0.011853360)
(0.055446400, 0.005192445, -0.153760300)
(0.055446400, 0.005192445, -0.153760300)
(0.003693490, -0.069915760, -0.181599000)
(0.003693490, -0.069915760, -0.181599000)
(0.070157870, 0.117641900, 0.048036990)
(0.070157870, 0.117641900, 0.048036990)
(0.195761700, 0.083949280, 0.034489170)
(0.195761700, 0.083949280, 0.034489170)
(0.146401400, -0.129138200, -0.148239100)
(0.023758770, 0.228146000, 0.135899600)
(0.023758770, 0.228146000, 0.135899600)
(0.023758770, 0.228146000, 0.135899600)
(-0.016382880, 0.102097100, 0.037307850)
(0.079002420, -0.042412940, -0.111534000)
(0.079002420, -0.042412940, -0.111534000)
(-0.052194220, 0.179476800, 0.158969500)
(-0.052194220, 0.179476800, 0.158969500)
(-0.052194220, 0.179476800, 0.158969500)
(-0.060211730, 0.159348700, 0.065270150)
(-0.006513348, 0.092773250, -0.078543440)
(-0.006513348, 0.092773250, -0.078543440)
(-0.084973590, 0.017161300, 0.007894533)
(-0.084973590, 0.017161300, 0.007894533)
(-0.084973590, 0.017161300, 0.007894533)
(-0.022675440, -0.044548210, -0.043746000)
(0.062010280, -0.019688770, -0.082490970)
(0.062010280, -0.019688770, -0.082490970)
(0.092658150, 0.037463810, 0.048343610)
(0.092658150, 0.037463810, 0.048343610)
(0.092658150, 0.037463810, 0.048343610)
(-0.050707250, -0.012896020, -0.027555850)
(0.002648171, 0.035158260, -0.062097200)
(0.002648171, 0.035158260, -0.062097200)
(-0.001591046, 0.103862900, 0.083479300)
(-0.001591046, 0.103862900, 0.083479300)
(-0.001591046, 0.103862900, 0.083479300)
(-0.015471450, 0.011621100, -0.104062200)
(0.041967060, 0.044963740, -0.118950100)
(0.041967060, 0.044963740, -0.118950100)
(-0.042324410, 0.036937110, 0.125406900)
(-0.042324410, 0.036937110, 0.125406900)
(-0.026039760, 0.116371200, -0.097978380)
(-0.026039760, 0.116371200, -0.097978380)
(0.021262590, 0.213167500, -0.089169510)
(0.021262590, 0.213167500, -0.089169510)
(-0.029662510, -0.048296320, -0.161668900)
(-0.029662510, -0.048296320, -0.161668900)
(0.020085910, 0.011441190, -0.263994100)
(0.020085910, 0.011441190, -0.263994100)
(0.268184700, 0.525293200, -0.119999100)
(0.268184700, 0.525293200, -0.119999100)
(-0.048532230, 0.064487100, -0.150767800)
(-0.048532230, 0.064487100, -0.150767800)
(-0.104093900, -0.173802400, -0.337010600)
(-0.104093900, -0.173802400, -0.337010600)
(0.049738430, -0.114712200, -0.184168800)
(0.049738430, -0.114712200, -0.184168800)
(-0.056975770, 0.004275690, -0.153668800)
(-0.056975770, 0.004275690, -0.153668800)
(-0.071641040, 0.141067700, -0.241976700)
(-0.071641040, 0.141067700, -0.241976700)
(-0.103861800, -0.032839290, -0.205241000)
(-0.103861800, -0.032839290, -0.205241000)
(-0.072247300, -0.218318700, -0.327747900)
(-0.072247300, -0.218318700, -0.327747900)
(0.086133140, -0.012714170, -0.320413800)
(0.086133140, -0.012714170, -0.320413800)
(0.040655590, 0.234826000, -0.065538760)
(0.040655590, 0.234826000, -0.065538760)
(-0.075116130, -0.154462700, -0.229661200)
(-0.075116130, -0.154462700, -0.229661200)
(0.050548350, -0.195992800, -0.336965400)
(0.050548350, -0.195992800, -0.336965400)
(-0.085188710, 0.077380690, -0.117460500)
(-0.085188710, 0.077380690, -0.117460500)
(-0.125369900, 0.085334770, -0.026534720)
(-0.125369900, 0.085334770, -0.026534720)
(-0.045237040, -0.141856300, -0.260079100)
(-0.045237040, -0.141856300, -0.260079100)
(-0.023393450, 0.041195590, -0.083382140)
(-0.023393450, 0.041195590, -0.083382140)
(-0.097546190, -0.012655820, 0.063826490)
(-0.097546190, -0.012655820, 0.063826490)
(-0.080680940, -0.099671660, 0.011699000)
(-0.080680940, -0.099671660, 0.011699000)
(0.086811840, -0.009182907, 0.108515100)
(0.086811840, -0.009182907, 0.108515100)
(-0.013098480, -0.061961230, 0.092085410)
(-0.013098480, -0.061961230, 0.092085410)
(-0.064588210, -0.046569350, 0.160959200)
(-0.064588210, -0.046569350, 0.160959200)
(0.107538600, 0.013950280, 0.108288400)
(0.107538600, 0.013950280, 0.108288400)
(0.112456400, -0.012174590, 0.115061700)
(0.112456400, -0.012174590, 0.115061700)
(0.013997620, -0.076664310, 0.136556300)
(0.013997620, -0.076664310, 0.136556300)
(0.019566710, -0.139388800, 0.051212200)
(0.019566710, -0.139388800, 0.051212200)
(0.086363350, -0.114417400, 0.105928400)
(0.096563710, -0.142695000, 0.135018200)
(0.096563710, -0.142695000, 0.135018200)
