(0.009359919, 0.058410000, 0.147542000)
(-0.039345650, 0.151940200, 0.085498050)
(-0.017589960, 0.070874730, 0.328667600)
(-0.063598830, 0.202106300, 0.299198500)
(-0.021302660, 0.207051100, 0.365469500)
(-0.014208530, 0.182749400, 0.578912300)
(0.020131690, 0.157880700, 0.640675100)
(0.020131690, 0.157880700, 0.640675100)
(0.009108339, 0.086743660, 0.668155400)
(0.003037484, 0.051252550, 0.670139800)
(0.048519370, -0.002186736, 0.363806000)
(-0.006504391, -0.106159800, 0.242446100)
(-0.000576351, -0.133688600, 0.058648050)
(-0.000576351, -0.133688600, 0.058648050)
(-0.031969760, -0.192560400, 0.159126800)
(0.016182470, 0.187840200, 0.210041200)
(-0.067605470, 0.051864440, 0.174827900)
(0.003853369, -0.056874280, 0.012809860)
(0.003853369, -0.056874280, 0.012809860)
(0.010876600, -0.239631700, 0.108029200)
(0.008828023, -0.273922500, 0.126332100)
(-0.044617730, -0.133784000, -0.037571270)
(-0.071304650, -0.115629200, -0.190914000)
(-0.018884090, -0.238231700, -0.260106200)
(-0.013475450, -0.381340300, -0.298027100)
(-0.013475450, -0.381340300, -0.298027100)
(-0.052136980, -0.413137900, -0.427289700)
(0.002689890, -0.369145600, -0.538261400)
(0.027400530, -0.379921000, -0.512494600)
(0.012826800, -0.376376900, -0.456695300)
(0.012826800, -0.376376900, -0.456695300)
(-0.019788910, -0.195411900, -0.306565600)
(0.009310598, -0.090965460, -0.303170300)
(0.073451000, -0.158867300, -0.392292700)
(0.031743900, -0.192599000, -0.422171200)
(-0.034146890, -0.186411900, -0.286172100)
(-0.034146890, -0.186411900, -0.286172100)
(-0.019787920, -0.039231180, -0.121864800)
(0.059806590, -0.061893110, -0.112835800)
(0.013936430, -0.049027340, -0.168140600)
(-0.000112349, 0.023615050, -0.029714670)
(-0.012961610, 0.153173600, 0.041161890)
(-0.012961610, 0.153173600, 0.041161890)
(0.031935010, 0.067938760, 0.035426080)
(0.006072846, 0.075636400, -0.000587473)
(0.036240110, 0.118680500, 0.065324790)
(0.014105310, 0.130426600, 0.171865600)
(0.004732542, 0.006014382, 0.019740940)
(0.004732542, 0.006014382, 0.019740940)
(0.023403040, -0.111806100, -0.172418300)
(0.001087849, -0.015018500, -0.066110310)
(-0.009629918, 0.001092627, -0.024809350)
(-0.034112370, -0.074764720, 0.126638700)
(-0.121280800, 0.030390830, 0.064166470)
(-0.121280800, 0.030390830, 0.064166470)
(-0.099307690, 0.062897780, 0.011283410)
(-0.129921600, 0.179020300, 0.109317700)
(-0.194602000, 0.159910400, 0.327281300)
(-0.173280800, -0.022625410, 0.232081800)
(-0.214310000, -0.032480150, 0.023962910)
(-0.209398900, 0.023284310, 0.034375020)
(-0.209398900, 0.023284310, 0.034375020)
(-0.206204800, -0.023476470, 0.104004200)
(-0.252396900, -0.027581880, 0.037398070)
(-0.297244100, 0.036614200, -0.051502630)
(-0.284682100, -0.055830150, 0.101705900)
(-0.284682100, -0.055830150, 0.101705900)
(-0.164598600, -0.165475100, -0.177554400)
(-0.140619800, 0.052441120, -0.019815190)
(-0.102731400, 0.096348120, 0.201741100)
(0.042205260, 0.063966330, 0.308593000)
(0.074574800, 0.014964280, 0.150195900)
(0.132102400, 0.102183700, 0.061786040)
(0.132102400, 0.102183700, 0.061786040)
(0.152048400, 0.106874700, 0.100473800)
(0.156562800, 0.030496830, 0.137445900)
(0.171831300, 0.038459520, 0.166475800)
(0.248694700, -0.010814720, 0.058694400)
(0.206903200, 0.038952130, -0.004406586)
(0.206903200, 0.038952130, -0.004406586)
(0.213017900, 0.040221510, 0.021427000)
(0.241479600, 0.044993990, 0.171010200)
(0.218989600, 0.251224100, 0.028057840)
(0.194271100, 0.224138500, -0.032334930)
(0.104869200, -0.005543557, 0.106383600)
(0.104869200, -0.005543557, 0.106383600)
(0.058107410, 0.027273710, 0.047522760)
(0.038809570, 0.108875500, -0.016414530)
(-0.025392590, 0.096138360, -0.052187480)
(-0.194427900, 0.149422100, -0.070901770)
(-0.194427900, 0.149422100, -0.070901770)
(-0.258417600, 0.118101900, -0.126588000)
(-0.096916340, -0.041688390, 0.017381110)
(0.063081380, -0.028748470, -0.058841560)
(0.174687500, -0.052925220, -0.034879430)
(-0.108101200, -0.109688600, -0.107272200)
(-0.077536520, -0.036900640, -0.035620340)
(-0.077536520, -0.036900640, -0.035620340)
(0.083474230, -0.036732020, -0.069793030)
(0.084494360, -0.023139850, -0.119030200)
(0.073120700, 0.043757920, -0.061246790)
(-0.042181050, -0.036235960, -0.034860920)
(-0.085132110, 0.009214464, -0.090050520)
(-0.085132110, 0.009214464, -0.090050520)
(0.009665110, -0.117433200, -0.085145060)
(0.054303850, -0.118793800, -0.083134930)
(0.086024690, 0.100063700, -0.007047232)
(0.083969120, -0.003047549, -0.092082190)
(0.083969120, -0.003047549, -0.092082190)
(-0.010771980, -0.013956800, -0.035878220)
(0.072318840, -0.003795773, -0.081983750)
(0.158318500, -0.004061210, -0.013147730)
(0.143796200, 0.063383330, 0.003401616)
(0.105710600, 0.088763680, 0.120812700)
(0.068882640, 0.231102200, 0.174276100)
(0.068882640, 0.231102200, 0.174276100)
(0.037308940, 0.041308590, 0.100744200)
(0.055020370, -0.077503320, 0.141143300)
(0.068589490, 0.021185030, -0.037589500)
(0.137657300, 0.071885410, -0.146732200)
(0.075139470, 0.161853900, 0.274449600)
(0.075139470, 0.161853900, 0.274449600)
(-0.044089240, 0.116776100, 0.183360100)
(-0.036155240, 0.023479970, 0.029935960)
(0.009669973, 0.068876670, 0.034174400)
(-0.034227770, 0.003860588, 0.119650500)
(-0.034227770, 0.003860588, 0.119650500)
(-0.045826990, 0.049996560, 0.220684200)
(-0.109673800, 0.016100480, 0.173055000)
(-0.091262930, 0.008395541, 0.141755800)
(-0.082342180, -0.129718800, 0.130797700)
(-0.190739600, -0.067593970, -0.021719840)
(-0.108735100, -0.003012540, -0.068388290)
(-0.108735100, -0.003012540, -0.068388290)
(0.042420330, -0.039683000, 0.052813140)
(0.033989120, -0.009948490, 0.105336700)
(0.000577360, 0.080405620, 0.041179060)
(-0.021247600, 0.158648100, 0.044615310)
(-0.011836890, 0.134860200, 0.049576300)
(-0.011836890, 0.134860200, 0.049576300)
(-0.037347010, -0.153190200, 0.104064200)
(0.067720440, -0.098283110, 0.016077240)
(0.040145900, -0.043864020, 0.028969610)
(0.006003539, 0.080502780, -0.014452760)
(-0.082031850, 0.078777020, -0.132399300)
(-0.082031850, 0.078777020, -0.132399300)
(0.038609970, -0.139980800, -0.003628215)
(0.040373940, -0.040637820, -0.020188140)
(0.129057000, -0.053735830, -0.129216500)
(-0.003982342, -0.043799110, -0.183670100)
(-0.092601120, -0.098617690, -0.048565600)
(-0.031582310, -0.034837000, 0.271309000)
(-0.031582310, -0.034837000, 0.271309000)
(0.074455280, 0.073875540, 0.307122700)
(0.102510600, 0.004283713, 0.238987800)
(-0.122415500, 0.081302980, 0.181242200)
(-0.109703300, 0.066857080, 0.110291700)
(-0.109703300, 0.066857080, 0.110291700)
(0.080344600, 0.103517100, 0.055968250)
(0.069291820, 0.099759720, 0.085069800)
(-0.031988910, -0.076045110, -0.113000800)
(-0.202445800, -0.068375210, -0.154688600)
(-0.150113200, 0.091954520, -0.104048200)
(-0.150113200, 0.091954520, -0.104048200)
(-0.041285500, 0.156124700, -0.033736080)
(0.094443570, -0.252762000, 0.014566490)
(0.025318250, -0.234601900, -0.107547400)
(0.005959437, -0.064906530, -0.128567800)
(-0.059130790, 0.209999800, -0.061558750)
(-0.059130790, 0.209999800, -0.061558750)
(-0.081968980, 0.081801710, 0.102353100)
(-0.004833114, -0.049299580, -0.060173640)
(0.153877800, 0.005745395, -0.057346640)
(0.019003950, 0.050019410, -0.008931643)
(-0.218943700, 0.048965050, -0.097430120)
(0.139701500, -0.279502300, -0.178941900)
(0.139701500, -0.279502300, -0.178941900)
(0.152389700, -0.062075210, 0.073263050)
(0.054286690, 0.047663150, 0.064080650)
(-0.019380400, -0.035078660, -0.092350040)
(-0.002545653, -0.021096140, -0.228516100)
(-0.002545653, -0.021096140, -0.228516100)
(0.019082920, 0.048125710, -0.125033300)
(0.011520640, -0.018079420, -0.011449730)
(0.016147690, -0.042039070, 0.036882050)
(0.059203240, -0.098819310, -0.033982820)
(-0.018017570, 0.008021769, -0.048632410)
(-0.018017570, 0.008021769, -0.048632410)
(-0.085014390, -0.059199590, -0.016273380)
(-0.039071120, -0.086822470, -0.030669810)
(-0.045264240, 0.014880550, -0.074594710)
(-0.041239890, 0.076751350, -0.093314920)
(-0.009666958, 0.056563060, -0.121554400)
(-0.009666958, 0.056563060, -0.121554400)
(-0.094845650, 0.025557770, 0.100567900)
(0.026949680, -0.199857800, -0.041857700)
(0.019100420, -0.179322400, 0.022466260)
(-0.097296040, 0.055811580, 0.173183200)
(-0.122593300, 0.062668470, 0.196490900)
(-0.060908650, 0.061537140, 0.144151900)
(-0.060908650, 0.061537140, 0.144151900)
(0.026719730, 0.092069610, 0.223673100)
(-0.039728320, 0.014362270, 0.035716510)
(-0.105125900, 0.011241640, 0.092577100)
(-0.028621580, -0.045307170, 0.098390040)
(-0.010594790, -0.063891800, 0.028178500)
(-0.010594790, -0.063891800, 0.028178500)
(0.053002770, 0.134814800, 0.066842920)
(-0.052253290, -0.024138150, 0.038078170)
(-0.000151640, -0.057553920, 0.069733320)
(0.040779040, 0.015140010, 0.110961900)
(0.040779040, 0.015140010, 0.110961900)
(0.076919660, 0.088082950, 0.210280300)
(0.045473860, 0.150804100, 0.091293480)
(-0.017485780, 0.093241400, 0.090508010)
(-0.028173700, 0.099587250, 0.050062780)
(0.035564430, 0.129802900, 0.149311700)
(0.035564430, 0.129802900, 0.149311700)
(-0.000760842, 0.101634900, 0.199488300)
(0.014437880, -0.032838460, 0.049244690)
(-0.019703780, 0.037735760, 0.050051260)
(-0.025242240, 0.104890300, 0.031719730)
(-0.037866240, 0.086155250, 0.134346700)
(-0.037866240, 0.086155250, 0.134346700)
(-0.044624490, 0.036514810, 0.124002100)
(-0.048076110, 0.031077840, 0.128576500)
(-0.067813280, 0.019436660, 0.009385766)
(-0.118040000, 0.037709500, -0.017490440)
(-0.115918000, -0.032968580, -0.006710773)
(-0.346731300, 0.211096200, 0.026362350)
(-0.346731300, 0.211096200, 0.026362350)
(0.054822730, -0.224546700, -0.072665480)
(-0.100952500, -0.283442300, -0.226057800)
(-0.106478600, -0.198627600, -0.215992500)
(-0.135757200, -0.046144330, -0.158594400)
(-0.135757200, -0.046144330, -0.158594400)
(-0.104013400, -0.016357750, -0.044323810)
(-0.137405200, -0.110484800, -0.142738600)
(-0.102234200, -0.215593900, -0.208890500)
(-0.022746390, -0.134266400, -0.130371300)
(0.017372990, -0.030401000, 0.049636590)
(-0.002874861, 0.064041990, 0.051559180)
(-0.002874861, 0.064041990, 0.051559180)
(-0.037276400, 0.004406489, -0.074435490)
(-0.054314180, 0.072157170, -0.043023940)
(-0.036650730, 0.077399990, -0.050193870)
(0.004456571, -0.039863150, -0.048420320)
(0.032266810, -0.105509800, -0.074777070)
(0.032266810, -0.105509800, -0.074777070)
(0.024754410, -0.223729900, -0.129243600)
(-0.014177960, -0.228924500, -0.122687000)
(-0.021575870, -0.203568600, -0.121450500)
(0.039759210, -0.129478700, -0.172614100)
(0.009395411, -0.146694100, -0.196414800)
(0.009395411, -0.146694100, -0.196414800)
(0.014521570, -0.141823600, -0.152256500)
(0.015982790, -0.176039200, -0.140863200)
(0.028562150, -0.174006000, -0.060268980)
(0.015560090, -0.186230600, -0.039800380)
(0.003706232, -0.108072800, -0.021704670)
(0.003706232, -0.108072800, -0.021704670)
(0.032219450, -0.046155660, 0.063880760)
(0.046391790, -0.108784100, 0.036531490)
(-0.007781458, -0.048743520, 0.163247000)
(0.043238070, -0.025700580, 0.145013000)
(0.032379260, 0.094121110, 0.170540200)
(0.032379260, 0.094121110, 0.170540200)
(0.017282520, 0.025063560, 0.000032772)
(0.043486770, -0.032558360, 0.050051450)
(0.052695110, 0.052550430, 0.217482200)
(0.021920410, -0.015326800, 0.216521900)
(0.004794179, 0.025235560, 0.125896600)
(0.004794179, 0.025235560, 0.125896600)
(0.036587210, -0.046444460, 0.174314500)
(0.043279440, -0.000943230, 0.289865500)
(0.035996630, 0.033500090, 0.093938570)
(0.026767060, -0.008875981, -0.000901875)
(0.026767060, -0.008875981, -0.000901875)
(-0.008564727, 0.044935530, -0.067983050)
(-0.008441201, 0.069521730, -0.072381860)
(-0.002914453, 0.064764640, 0.444432500)
(0.015454260, 0.020956030, 0.256312500)
(0.021609160, 0.212346800, 0.307589900)
(0.035778530, 0.136671400, -0.042367230)
(0.035778530, 0.136671400, -0.042367230)
(-0.057828600, 0.080616500, -0.157663400)
(0.008256914, 0.044236850, 0.274626900)
(0.054795680, -0.160037000, 0.313553100)
(0.027063180, -0.116745400, 0.096674340)
(-0.026378720, 0.010263130, 0.008968282)
(-0.003401971, 0.026613560, -0.012801400)
(-0.003401971, 0.026613560, -0.012801400)
(-0.006931789, 0.014189330, -0.042578060)
(-0.007697157, 0.024121990, -0.068722530)
(0.006938967, -0.051845300, -0.015695290)
(0.001745084, -0.014793320, 0.044541300)
