(0.013953360, 0.109821800, 0.017224250)
(0.020560330, 0.113307700, 0.044904280)
(0.020560330, 0.113307700, 0.044904280)
(-0.010574570, 0.079532000, 0.029330690)
(-0.010574570, 0.079532000, 0.029330690)
(0.004711944, 0.078483090, 0.011126270)
(0.004711944, 0.078483090, 0.011126270)
(0.032139070, 0.083128800, -0.019567480)
(0.032139070, 0.083128800, -0.019567480)
(0.012439960, 0.097906280, -0.029819210)
(0.035451800, 0.085031550, 0.019643940)
(0.035451800, 0.085031550, 0.019643940)
(0.009464270, 0.052960230, -0.013006540)
(0.009464270, 0.052960230, -0.013006540)
(0.002104526, 0.048854140, -0.037882630)
(0.002104526, 0.048854140, -0.037882630)
(-0.001888861, -0.017404130, -0.008766711)
(-0.001888861, -0.017404130, -0.008766711)
(-0.010196750, -0.023588800, -0.031269930)
(-0.010196750, -0.023588800, -0.031269930)
(0.003498948, -0.033417620, -0.032656390)
(-0.020246900, -0.096845310, -0.012387710)
(-0.020246900, -0.096845310, -0.012387710)
(-0.003647382, -0.104005700, -0.031758210)
(-0.003647382, -0.104005700, -0.031758210)
(-0.009498452, -0.094120610, -0.044524940)
(-0.009498452, -0.094120610, -0.044524940)
(0.012567790, -0.155827300, -0.051019900)
(0.012567790, -0.155827300, -0.051019900)
(-0.025363520, -0.150664300, -0.027763690)
(-0.026587140, -0.141165500, -0.029455360)
(-0.026587140, -0.141165500, -0.029455360)
(-0.003599803, -0.137592500, -0.017687070)
(-0.003599803, -0.137592500, -0.017687070)
(-0.024810220, -0.107180100, -0.008358100)
(-0.024810220, -0.107180100, -0.008358100)
(-0.011946400, -0.080719690, -0.002773067)
(-0.011946400, -0.080719690, -0.002773067)
(-0.017691030, -0.069096250, -0.004580659)
(-0.017691030, -0.069096250, -0.004580659)
(0.001633278, -0.042194030, 0.002018449)
(0.001633278, -0.042194030, 0.002018449)
(-0.013421560, 0.022881900, -0.027455680)
(-0.013421560, 0.022881900, -0.027455680)
(-0.009655105, 0.037125000, -0.036313830)
(0.016446610, 0.018960290, 0.010503750)
(0.016446610, 0.018960290, 0.010503750)
(-0.019155030, 0.076652210, -0.042862660)
(-0.019155030, 0.076652210, -0.042862660)
(-0.016457590, 0.084401000, -0.044950540)
(-0.016457590, 0.084401000, -0.044950540)
(0.011628100, 0.010137100, 0.005853875)
(0.011628100, 0.010137100, 0.005853875)
(-0.025810960, 0.040185280, -0.035578030)
(-0.025810960, 0.040185280, -0.035578030)
(-0.007026943, 0.033944020, -0.011408130)
(-0.007026943, 0.033944020, -0.011408130)
(-0.004417897, 0.016273530, -0.019397250)
(-0.004417897, 0.016273530, -0.019397250)
(0.030168670, -0.004318966, 0.040922110)
(-0.003669486, -0.027667360, 0.027802050)
(-0.003669486, -0.027667360, 0.027802050)
(-0.049884180, -0.067494680, -0.017179950)
(-0.049884180, -0.067494680, -0.017179950)
(-0.075933570, -0.157887100, -0.006521651)
(-0.075933570, -0.157887100, -0.006521651)
(-0.048625820, -0.221898900, -0.058945590)
(-0.048625820, -0.221898900, -0.058945590)
(-0.027024830, -0.223599700, -0.042974980)
(-0.027024830, -0.223599700, -0.042974980)
(-0.008167596, -0.207058500, -0.045210490)
(0.008384570, -0.082528980, 0.012245330)
(0.008384570, -0.082528980, 0.012245330)
(0.023241660, -0.067925290, 0.009895538)
(0.023241660, -0.067925290, 0.009895538)
(0.051185090, 0.037984670, 0.017029100)
(0.051185090, 0.037984670, 0.017029100)
(0.076772430, 0.121433300, 0.058378870)
(0.076772430, 0.121433300, 0.058378870)
(0.045113650, 0.138052000, 0.110080400)
(0.045113650, 0.138052000, 0.110080400)
(0.011458890, 0.163952900, 0.044996520)
(0.011458890, 0.163952900, 0.044996520)
(0.028525160, 0.122611900, 0.020981000)
(0.028525160, 0.122611900, 0.020981000)
(0.061997610, 0.096854840, -0.021565700)
(-0.024807550, 0.449223000, 0.013341630)
(-0.024807550, 0.449223000, 0.013341630)
(-0.024807550, 0.449223000, 0.013341630)
(-0.042971450, 0.268355500, -0.107596300)
(0.130257300, -0.143720900, -0.063664160)
(0.130257300, -0.143720900, -0.063664160)
(-0.047831210, 0.040103010, -0.013317080)
(-0.036841180, 0.045965200, -0.000474058)
(-0.036841180, 0.045965200, -0.000474058)
(0.060722810, -0.020909810, 0.026829280)
(0.060722810, -0.020909810, 0.026829280)
(0.014264490, -0.050139760, 0.048729370)
(0.014264490, -0.050139760, 0.048729370)
(-0.008250860, -0.057760380, 0.065382090)
(0.002897325, -0.034146880, -0.009728516)
(0.002897325, -0.034146880, -0.009728516)
(0.002897325, -0.034146880, -0.009728516)
(0.015932090, -0.018834940, 0.000439268)
(0.040867060, 0.013328670, 0.000912232)
(0.040867060, 0.013328670, 0.000912232)
(0.002492459, -0.006450635, -0.000110887)
(0.002492459, -0.006450635, -0.000110887)
(0.002705723, -0.012569360, -0.007389805)
(0.002705723, -0.012569360, -0.007389805)
(0.011510290, 0.013261860, -0.005411106)
(0.011510290, 0.013261860, -0.005411106)
(-0.010234860, -0.007596505, 0.003571641)
(-0.010234860, -0.007596505, 0.003571641)
(-0.010031490, -0.011855370, 0.013104490)
(-0.010908620, -0.024980310, 0.012628860)
(-0.010908620, -0.024980310, 0.012628860)
(-0.016708790, -0.028437180, 0.003683160)
(-0.025630390, 0.037729000, -0.028277620)
(-0.025630390, 0.037729000, -0.028277620)
(0.018255510, 0.005065245, -0.004905636)
(-0.012352280, -0.019706280, 0.018285440)
(-0.012352280, -0.019706280, 0.018285440)
(-0.009463929, 0.029979040, 0.001114337)
(-0.009463929, 0.029979040, 0.001114337)
(0.011027790, 0.061787800, -0.012712660)
(0.028007020, 0.055343770, 0.033795740)
(0.028007020, 0.055343770, 0.033795740)
(0.070301760, 0.149653700, 0.033837390)
(0.072806880, 0.356418100, 0.135017900)
(0.072806880, 0.356418100, 0.135017900)
(0.087540130, 0.374543000, 0.101223800)
(0.156240000, 0.289913100, 0.092235300)
(0.156240000, 0.289913100, 0.092235300)
(0.175714300, 0.179686800, 0.079403220)
(0.136189300, 0.118851400, 0.009142403)
(0.136189300, 0.118851400, 0.009142403)
(0.156456600, 0.049605280, 0.001934063)
(0.156456600, 0.049605280, 0.001934063)
(0.152280300, -0.033684080, -0.000120466)
(0.131287000, -0.101581600, -0.005251668)
(0.131287000, -0.101581600, -0.005251668)
(0.113807800, -0.129108700, -0.022997460)
(0.113807800, -0.129108700, -0.022997460)
(0.114046600, -0.166243500, -0.015170470)
(0.048102340, -0.236379200, 0.010464000)
(0.048102340, -0.236379200, 0.010464000)
(0.055158390, -0.236413700, -0.015682870)
(0.055158390, -0.236413700, -0.015682870)
(0.045044900, -0.226771500, 0.018863840)
(0.000778322, -0.203420100, -0.019584880)
(0.000778322, -0.203420100, -0.019584880)
(-0.030891900, -0.171955600, -0.045447590)
(-0.030891900, -0.171955600, -0.045447590)
(-0.013199430, -0.223045800, -0.037761790)
(-0.052447640, -0.208673000, -0.076476130)
(-0.052447640, -0.208673000, -0.076476130)
(-0.048643450, -0.249258200, -0.032341190)
(-0.039315450, -0.126077500, -0.041073870)
(-0.039315450, -0.126077500, -0.041073870)
(-0.033027460, -0.138928800, -0.029684550)
(-0.033027460, -0.138928800, -0.029684550)
(-0.050365370, -0.086691860, -0.072273470)
(-0.005222202, -0.039315210, -0.012421090)
(-0.005222202, -0.039315210, -0.012421090)
(-0.061562570, 0.015716300, -0.048447840)
(-0.061562570, 0.015716300, -0.048447840)
(-0.032128120, 0.042743290, -0.052669520)
(-0.029949040, 0.017905250, 0.000628390)
(-0.029949040, 0.017905250, 0.000628390)
(-0.046348890, 0.024355590, -0.050789180)
(-0.025244390, 0.022519170, -0.017501440)
(-0.025244390, 0.022519170, -0.017501440)
(-0.034730080, 0.027614750, -0.045646060)
(-0.034730080, 0.027614750, -0.045646060)
(-0.016038730, -0.011945420, -0.032949090)
(0.013189850, -0.042777910, 0.007990967)
(0.013189850, -0.042777910, 0.007990967)
(-0.024191680, -0.008869381, -0.052695190)
(-0.024191680, -0.008869381, -0.052695190)
(-0.007208876, -0.044712460, -0.003232976)
(-0.007208876, -0.044712460, -0.003232976)
(0.001922247, 0.031728430, -0.011558600)
(-0.015176480, 0.022568080, 0.012759160)
(0.032855090, 0.028913890, 0.029223070)
(0.032855090, 0.028913890, 0.029223070)
(-0.000414616, 0.033259210, -0.012033150)
(0.007495076, -0.053591270, 0.041729060)
(0.007495076, -0.053591270, 0.041729060)
(-0.003783374, -0.059948840, -0.011216040)
(-0.026789020, -0.065000180, -0.043236410)
(-0.026789020, -0.065000180, -0.043236410)
(-0.015782570, -0.157743600, -0.007037148)
(-0.015782570, -0.157743600, -0.007037148)
(-0.025478850, -0.133898000, -0.034884610)
(-0.025478850, -0.133898000, -0.034884610)
(-0.039289680, -0.199682500, -0.040691130)
(-0.037194580, -0.180752900, -0.017963630)
(-0.037194580, -0.180752900, -0.017963630)
(0.004951221, -0.121239100, -0.051375970)
(0.023915940, -0.024197470, 0.027415950)
(0.023915940, -0.024197470, 0.027415950)
(0.002617276, 0.110740600, -0.018542530)
(0.002617276, 0.110740600, -0.018542530)
(-0.014158590, 0.164503200, -0.030839000)
(0.016905270, 0.141239700, 0.047526420)
(0.016905270, 0.141239700, 0.047526420)
(-0.009697445, 0.213043400, -0.037625940)
(-0.009697445, 0.213043400, -0.037625940)
(-0.008136692, 0.163261700, -0.040755910)
(-0.022054300, 0.139416600, -0.001377951)
(-0.022054300, 0.139416600, -0.001377951)
(-0.009983791, 0.142717200, -0.039200070)
(-0.009983791, 0.142717200, -0.039200070)
(0.029227410, 0.093579050, -0.011621830)
(0.052466890, 0.029037680, 0.012438440)
(0.052466890, 0.029037680, 0.012438440)
(0.037680420, 0.010837670, 0.028296870)
(0.037680420, 0.010837670, 0.028296870)
(0.046346200, -0.045565220, 0.024804510)
(0.003660599, -0.034299080, 0.018926130)
(0.003660599, -0.034299080, 0.018926130)
(0.040387120, -0.060867730, 0.033224390)
(0.040387120, -0.060867730, 0.033224390)
(0.000718661, -0.023429990, -0.023801130)
(0.029842090, -0.041732110, 0.040206360)
(0.009751053, 0.009458994, 0.017308590)
(0.009751053, 0.009458994, 0.017308590)
(0.016320820, -0.023039150, 0.018798470)
(0.016320820, -0.023039150, 0.018798470)
(0.018515530, -0.037361210, 0.044649590)
(0.001223401, -0.009055804, -0.017410310)
(0.001223401, -0.009055804, -0.017410310)
(-0.010018730, -0.031522460, -0.011696060)
(-0.010018730, -0.031522460, -0.011696060)
(-0.010299700, -0.020785340, -0.016105190)
(-0.010378450, -0.014429520, 0.001631209)
(0.008108661, -0.030441940, 0.030787800)
(0.008108661, -0.030441940, 0.030787800)
(-0.003461848, -0.001314497, 0.020064320)
(-0.003461848, -0.001314497, 0.020064320)
(-0.011096720, 0.000148011, 0.026140870)
(0.007998916, -0.008918102, 0.020341040)
(0.007998916, -0.008918102, 0.020341040)
(0.002557518, 0.003702221, -0.003829347)
(-0.017827040, 0.023760240, -0.036692410)
(-0.017827040, 0.023760240, -0.036692410)
(-0.007593223, 0.011306510, -0.019698840)
(-0.007593223, 0.011306510, -0.019698840)
(-0.017376830, 0.004574046, -0.016733850)
(-0.017376830, 0.004574046, -0.016733850)
(-0.016324220, -0.009434778, -0.012751290)
(-0.007354577, 0.002540986, -0.014944230)
(-0.007354577, 0.002540986, -0.014944230)
(0.001426648, -0.060562960, -0.000901462)
(0.008784921, -0.092607740, 0.003648345)
(0.010205640, -0.122750800, -0.017542030)
(0.010205640, -0.122750800, -0.017542030)
(0.007256552, -0.152767900, 0.013181000)
(0.007256552, -0.152767900, 0.013181000)
(0.012101290, -0.144108200, 0.020155070)
(-0.007852023, -0.111547100, 0.002226754)
(0.002794778, -0.099697190, 0.000934356)
(0.002794778, -0.099697190, 0.000934356)
(0.004965699, -0.101158700, 0.015882590)
(0.015134320, -0.081992760, -0.045525400)
(0.015134320, -0.081992760, -0.045525400)
(0.008519520, -0.073277120, -0.047249690)
(0.008519520, -0.073277120, -0.047249690)
(0.010892560, -0.049251780, -0.010004930)
(0.010892560, -0.049251780, -0.010004930)
(-0.015539070, 0.036362280, -0.057452060)
(0.016151690, 0.041741250, -0.026022580)
(0.016151690, 0.041741250, -0.026022580)
(0.028173910, 0.101083700, -0.030876780)
(-0.012561840, 0.102769400, -0.023774140)
(-0.012561840, 0.102769400, -0.023774140)
(-0.020198660, 0.202535500, -0.047977790)
(0.011930530, 0.161770600, -0.002398888)
(0.011930530, 0.161770600, -0.002398888)
(-0.010134670, 0.081494650, 0.022615970)
(0.034083660, 0.076204180, 0.012643260)
(0.034083660, 0.076204180, 0.012643260)
(0.025208860, 0.213917400, 0.036249380)
(-0.012352890, 0.140263800, 0.020801770)
(-0.012352890, 0.140263800, 0.020801770)
(0.023886710, 0.137024000, 0.021008390)
(0.023886710, 0.137024000, 0.021008390)
(0.008375958, 0.077303660, 0.031870320)
(0.008375958, 0.077303660, 0.031870320)
(-0.010122040, -0.061743260, -0.004612982)
(0.008480572, -0.064611480, -0.024140780)
(0.008480572, -0.064611480, -0.024140780)
(-0.021342980, -0.054568120, -0.001122062)
(-0.002535661, -0.018900680, -0.006872477)
(-0.002535661, -0.018900680, -0.006872477)
(-0.015917540, 0.094880710, -0.001562613)
(-0.015917540, 0.094880710, -0.001562613)
(-0.026301340, 0.098169530, -0.000194599)
