(0.012468050, -0.475993900, -0.879360100)
(0.010521140, -0.486433800, -0.873654000)
(0.010521140, -0.486433800, -0.873654000)
(0.005714632, -0.511246800, -0.859415000)
(0.005714632, -0.511246800, -0.859415000)
(0.005768964, -0.533498800, -0.845781100)
(0.013372530, -0.577444900, -0.816320200)
(0.013372530, -0.577444900, -0.816320200)
(0.020371380, -0.579512400, -0.814708800)
(0.020371380, -0.579512400, -0.814708800)
(0.026759110, -0.584509200, -0.810945700)
(0.022365450, -0.624936200, -0.780355400)
(0.022365450, -0.624936200, -0.780355400)
(0.019965430, -0.639350200, -0.768656500)
(0.019691710, -0.671294300, -0.740929300)
(0.019691710, -0.671294300, -0.740929300)
(0.024546080, -0.699360800, -0.714347200)
(0.024546080, -0.699360800, -0.714347200)
(0.024632720, -0.709115100, -0.704662300)
(0.017726210, -0.741227900, -0.671019300)
(0.017726210, -0.741227900, -0.671019300)
(0.012661110, -0.751213700, -0.659937700)
(0.012661110, -0.751213700, -0.659937700)
(0.006692033, -0.760548100, -0.649247100)
(-0.009624816, -0.782267800, -0.622867900)
(-0.009624816, -0.782267800, -0.622867900)
(-0.009624816, -0.782267800, -0.622867900)
(-0.011902360, -0.788345500, -0.615117600)
(-0.012948340, -0.796791900, -0.604115000)
(-0.012586210, -0.800842200, -0.598743200)
(-0.012586210, -0.800842200, -0.598743200)
(-0.011051260, -0.801702300, -0.597621300)
(-0.011051260, -0.801702300, -0.597621300)
(-0.012301710, -0.800345100, -0.599413200)
(-0.012774540, -0.797770900, -0.602825300)
(-0.010699330, -0.794079400, -0.607719900)
(-0.010699330, -0.794079400, -0.607719900)
(-0.011419300, -0.790362900, -0.612532600)
(-0.011419300, -0.790362900, -0.612532600)
(-0.012739700, -0.784751500, -0.619679500)
(-0.012739700, -0.784751500, -0.619679500)
(-0.011724050, -0.783016000, -0.621890900)
(-0.011514680, -0.779535700, -0.626252100)
(-0.011514680, -0.779535700, -0.626252100)
(-0.010325040, -0.778229600, -0.627895100)
(-0.010325040, -0.778229600, -0.627895100)
(-0.007867544, -0.772395400, -0.635093300)
(-0.007867544, -0.772395400, -0.635093300)
(-0.007565090, -0.771401200, -0.636304100)
(-0.006492802, -0.772045700, -0.635533800)
(-0.006492802, -0.772045700, -0.635533800)
(-0.003709415, -0.769329700, -0.638841200)
(-0.003709415, -0.769329700, -0.638841200)
(-0.003859814, -0.768651000, -0.639656700)
(-0.003379256, -0.767711000, -0.640787400)
(-0.002396123, -0.766789000, -0.641894900)
(-0.002396123, -0.766789000, -0.641894900)
(-0.001757716, -0.766162400, -0.642644500)
(0.000786232, -0.762979600, -0.646422000)
(0.000786232, -0.762979600, -0.646422000)
(0.001569230, -0.762404100, -0.647099400)
(0.001569230, -0.762404100, -0.647099400)
(0.001152101, -0.759957600, -0.649971600)
(0.001152101, -0.759957600, -0.649971600)
(-0.000249219, -0.758865400, -0.651247500)
(-0.000249219, -0.758865400, -0.651247500)
(-0.016777780, -0.756017500, -0.654336300)
(-0.016777780, -0.756017500, -0.654336300)
(-0.029288900, -0.754241300, -0.655943800)
(-0.029288900, -0.754241300, -0.655943800)
(-0.068820740, -0.747478700, -0.660711200)
(-0.121958400, -0.741339800, -0.659955600)
(-0.121958400, -0.741339800, -0.659955600)
(-0.121958400, -0.741339800, -0.659955600)
(-0.150615700, -0.738449200, -0.657272900)
(-0.150615700, -0.738449200, -0.657272900)
(-0.213435200, -0.727627300, -0.651923400)
(-0.275235900, -0.715987000, -0.641566800)
(-0.275235900, -0.715987000, -0.641566800)
(-0.275235900, -0.715987000, -0.641566800)
(-0.333852100, -0.697652400, -0.633895700)
(-0.333852100, -0.697652400, -0.633895700)
(-0.362503000, -0.686785100, -0.630014200)
(-0.419845800, -0.665879500, -0.616712200)
(-0.419845800, -0.665879500, -0.616712200)
(-0.419845800, -0.665879500, -0.616712200)
(-0.429314900, -0.661437500, -0.614970900)
(-0.436611200, -0.657448300, -0.614111100)
(-0.436611200, -0.657448300, -0.614111100)
(-0.445843400, -0.653805100, -0.611361100)
(-0.445843400, -0.653805100, -0.611361100)
(-0.444141800, -0.654340300, -0.612026800)
(-0.444141800, -0.654340300, -0.612026800)
(-0.441404100, -0.657133500, -0.611014000)
(-0.441404100, -0.657133500, -0.611014000)
(-0.438367000, -0.657618000, -0.612676900)
(-0.438367000, -0.657618000, -0.612676900)
(-0.435876100, -0.658401100, -0.613612300)
(-0.429615000, -0.663147700, -0.612916000)
(-0.429615000, -0.663147700, -0.612916000)
(-0.428859400, -0.662619700, -0.614015200)
(-0.428859400, -0.662619700, -0.614015200)
(-0.429141700, -0.662064400, -0.614416900)
(-0.423833600, -0.665922600, -0.613931700)
(-0.423833600, -0.665922600, -0.613931700)
(-0.419036700, -0.667282500, -0.615745200)
(-0.419036700, -0.667282500, -0.615745200)
(-0.419036700, -0.667282500, -0.615745200)
(-0.416939500, -0.668525000, -0.615821100)
(-0.412256900, -0.672264800, -0.614901900)
(-0.412256900, -0.672264800, -0.614901900)
(-0.410224800, -0.673714500, -0.614674200)
(-0.400916800, -0.678947100, -0.615058100)
(-0.400916800, -0.678947100, -0.615058100)
(-0.398498000, -0.680220800, -0.615222800)
(-0.398498000, -0.680220800, -0.615222800)
(-0.394459400, -0.681320400, -0.616607100)
(-0.389048100, -0.684326600, -0.616716000)
(-0.389048100, -0.684326600, -0.616716000)
(-0.385912600, -0.685242700, -0.617668000)
(-0.385912600, -0.685242700, -0.617668000)
(-0.385667400, -0.684085000, -0.619102900)
(-0.382682400, -0.683820300, -0.621244000)
(-0.382682400, -0.683820300, -0.621244000)
(-0.382682400, -0.683820300, -0.621244000)
(-0.378375900, -0.686298300, -0.621149200)
(-0.376639700, -0.686537700, -0.621939300)
(-0.376639700, -0.686537700, -0.621939300)
(-0.362240400, -0.691126400, -0.625400900)
(-0.362240400, -0.691126400, -0.625400900)
(-0.353622200, -0.694537800, -0.626552900)
(-0.330229400, -0.700303600, -0.632869200)
(-0.330229400, -0.700303600, -0.632869200)
(-0.330229400, -0.700303600, -0.632869200)
(-0.289930000, -0.710080900, -0.641658500)
(-0.261917400, -0.717521900, -0.645415800)
(-0.261917400, -0.717521900, -0.645415800)
(-0.141737900, -0.739345000, -0.658239700)
(-0.141737900, -0.739345000, -0.658239700)
(-0.141737900, -0.739345000, -0.658239700)
(-0.003364067, -0.748272400, -0.663383200)
(-0.003364067, -0.748272400, -0.663383200)
(0.040386240, -0.747574200, -0.662949300)
(0.040386240, -0.747574200, -0.662949300)
(0.119048200, -0.740168900, -0.661798700)
(0.179662900, -0.727505300, -0.662161100)
(0.179662900, -0.727505300, -0.662161100)
(0.202015900, -0.722279800, -0.661438800)
(0.202015900, -0.722279800, -0.661438800)
(0.248127200, -0.705523100, -0.663829800)
(0.248127200, -0.705523100, -0.663829800)
(0.256040500, -0.702303500, -0.664238700)
(0.265635600, -0.699133900, -0.663814400)
(0.270875400, -0.692691000, -0.668435300)
(0.270875400, -0.692691000, -0.668435300)
(0.270875400, -0.692691000, -0.668435300)
(0.276760900, -0.690381500, -0.668413600)
(0.279256100, -0.690152000, -0.667612300)
(0.279256100, -0.690152000, -0.667612300)
(0.291783800, -0.688621200, -0.663824500)
(0.291783800, -0.688621200, -0.663824500)
(0.291783800, -0.688621200, -0.663824500)
(0.301943800, -0.688326000, -0.659573600)
(0.301943800, -0.688326000, -0.659573600)
(0.305919000, -0.688151500, -0.657921700)
(0.305919000, -0.688151500, -0.657921700)
(0.312740300, -0.687304900, -0.655595600)
(0.312740300, -0.687304900, -0.655595600)
(0.316390300, -0.684984300, -0.656272500)
(0.316390300, -0.684984300, -0.656272500)
(0.318092200, -0.685046700, -0.655384200)
(0.321331000, -0.685013600, -0.653836900)
(0.321331000, -0.685013600, -0.653836900)
(0.321115500, -0.684918900, -0.654042000)
(0.321115500, -0.684918900, -0.654042000)
(0.321170100, -0.685231400, -0.653687700)
(0.321170100, -0.685231400, -0.653687700)
(0.321119400, -0.686511800, -0.652367900)
(0.320646900, -0.686078000, -0.653056300)
(0.320646900, -0.686078000, -0.653056300)
(0.316528900, -0.684934700, -0.656257500)
(0.316528900, -0.684934700, -0.656257500)
(0.307292800, -0.685754000, -0.659782300)
(0.296826100, -0.686635100, -0.663646400)
(0.296826100, -0.686635100, -0.663646400)
(0.293842300, -0.686873500, -0.664726700)
(0.293842300, -0.686873500, -0.664726700)
(0.290642500, -0.687019200, -0.665981700)
(0.287054200, -0.687465800, -0.667076200)
(0.287054200, -0.687465800, -0.667076200)
(0.287179200, -0.688894300, -0.665547000)
(0.287179200, -0.688894300, -0.665547000)
(0.287299100, -0.689351000, -0.665022100)
(0.282555400, -0.691600400, -0.664718800)
(0.282555400, -0.691600400, -0.664718800)
(0.275016800, -0.693693700, -0.665698600)
(0.275016800, -0.693693700, -0.665698600)
(0.268823900, -0.695475200, -0.666369100)
(0.226104700, -0.703753900, -0.673503600)
(0.226104700, -0.703753900, -0.673503600)
(0.181515300, -0.710003700, -0.680402000)
(0.181515300, -0.710003700, -0.680402000)
(0.181515300, -0.710003700, -0.680402000)
(0.098801330, -0.727387700, -0.679076800)
(0.098801330, -0.727387700, -0.679076800)
(0.071172330, -0.730415100, -0.679285100)
(0.071172330, -0.730415100, -0.679285100)
(-0.004788266, -0.733576800, -0.679589500)
(-0.004788266, -0.733576800, -0.679589500)
(-0.023973490, -0.734006500, -0.678719000)
(-0.023973490, -0.734006500, -0.678719000)
(-0.050456750, -0.729022900, -0.682627000)
(-0.057067090, -0.728171200, -0.683015300)
(-0.057067090, -0.728171200, -0.683015300)
(-0.053375430, -0.729412400, -0.681988800)
(-0.050218940, -0.730863000, -0.680674100)
(-0.050218940, -0.730863000, -0.680674100)
(-0.038893910, -0.734066900, -0.677962400)
(-0.038893910, -0.734066900, -0.677962400)
(-0.030441060, -0.734882100, -0.677511300)
(-0.030441060, -0.734882100, -0.677511300)
(-0.028815340, -0.734914800, -0.677546900)
(-0.026383800, -0.734595200, -0.677992500)
(-0.026383800, -0.734595200, -0.677992500)
(-0.025312840, -0.734148700, -0.678516600)
(-0.025312840, -0.734148700, -0.678516600)
(-0.025404620, -0.732264400, -0.680546500)
(-0.025542210, -0.733209000, -0.679523400)
(-0.025542210, -0.733209000, -0.679523400)
(-0.025991510, -0.734161300, -0.678477500)
(-0.025991510, -0.734161300, -0.678477500)
(-0.025717830, -0.734011100, -0.678650300)
(-0.025717830, -0.734011100, -0.678650300)
(-0.021497420, -0.737118500, -0.675421300)
(-0.021497420, -0.737118500, -0.675421300)
(-0.020414560, -0.736479300, -0.676152100)
(-0.015904290, -0.734771300, -0.678128500)
(-0.015904290, -0.734771300, -0.678128500)
(-0.014481730, -0.735433600, -0.677442100)
(-0.014481730, -0.735433600, -0.677442100)
(-0.013980220, -0.735580900, -0.677292500)
(-0.012584790, -0.733942700, -0.679094900)
(-0.012584790, -0.733942700, -0.679094900)
(-0.011984960, -0.733038300, -0.680081800)
(-0.012519750, -0.728536800, -0.684892200)
(-0.012519750, -0.728536800, -0.684892200)
(-0.011592490, -0.727397000, -0.686118900)
(-0.011592490, -0.727397000, -0.686118900)
(-0.010418380, -0.727063700, -0.686490800)
(-0.010418380, -0.727063700, -0.686490800)
(-0.009177082, -0.726339500, -0.687274800)
(-0.008810386, -0.725591400, -0.688069300)
(-0.008810386, -0.725591400, -0.688069300)
(-0.008162979, -0.725466300, -0.688209400)
(-0.006868956, -0.725103600, -0.688605500)
(-0.006868956, -0.725103600, -0.688605500)
(-0.007010378, -0.724235100, -0.689517600)
(-0.007010378, -0.724235100, -0.689517600)
(-0.007010378, -0.724235100, -0.689517600)
(-0.006878736, -0.723419500, -0.690374500)
(-0.006802825, -0.722136100, -0.691717400)
(-0.006802825, -0.722136100, -0.691717400)
(-0.007194285, -0.715028700, -0.699058100)
(-0.007194285, -0.715028700, -0.699058100)
(-0.007194285, -0.715028700, -0.699058100)
(-0.006364928, -0.710272000, -0.703898500)
(-0.006364928, -0.710272000, -0.703898500)
(-0.005504473, -0.695746600, -0.718266200)
(-0.005504473, -0.695746600, -0.718266200)
(-0.005697899, -0.687774500, -0.725902100)
(-0.006852901, -0.660521000, -0.750776400)
(-0.006852901, -0.660521000, -0.750776400)
(-0.006852901, -0.660521000, -0.750776400)
(-0.006688866, -0.650920500, -0.759116400)
(-0.006688866, -0.650920500, -0.759116400)
(-0.004759753, -0.633806900, -0.773476800)
(0.000352701, -0.624380600, -0.781120300)
(0.000352701, -0.624380600, -0.781120300)
(0.000352701, -0.624380600, -0.781120300)
(0.002165607, -0.620952000, -0.783845500)
(0.002165607, -0.620952000, -0.783845500)
(0.004098785, -0.616142100, -0.787624300)
(0.004098785, -0.616142100, -0.787624300)
(0.011320160, -0.607962000, -0.793885500)
(0.011320160, -0.607962000, -0.793885500)
(0.014818890, -0.591402600, -0.806240200)
(0.014818890, -0.591402600, -0.806240200)
(0.016839060, -0.576993500, -0.816575200)
(0.016839060, -0.576993500, -0.816575200)
(0.016470100, -0.536577600, -0.843690200)
(0.016470100, -0.536577600, -0.843690200)
(0.015586400, -0.524499300, -0.851268300)
(0.015586400, -0.524499300, -0.851268300)
(0.016081160, -0.508329600, -0.861012400)
(0.016081160, -0.508329600, -0.861012400)
(0.017721470, -0.490314300, -0.871365500)
(0.017721470, -0.490314300, -0.871365500)
(0.019158690, -0.474703200, -0.879937400)
(0.019158690, -0.474703200, -0.879937400)
(0.019544180, -0.468886800, -0.883042000)
(0.019544180, -0.468886800, -0.883042000)
(0.020016380, -0.456980700, -0.889251400)
