(-0.001202319, -0.002609436, -0.005958659)
(-0.001202319, -0.002609436, -0.005958659)
(0.000222919, -0.002146343, -0.003638815)
(0.000529231, 0.001072350, 0.002782354)
(0.000529231, 0.001072350, 0.002782354)
(0.000529231, 0.001072350, 0.002782354)
(-0.000934040, -0.004252588, -0.002499266)
(0.000930402, -0.000294693, -0.005483604)
(0.000930402, -0.000294693, -0.005483604)
(-0.002002587, 0.000426787, -0.001646890)
(-0.002002587, 0.000426787, -0.001646890)
(-0.000619977, -0.001594990, 0.001472330)
(-0.000619977, -0.001594990, 0.001472330)
(0.000624134, 0.000548146, -0.002605363)
(0.000624134, 0.000548146, -0.002605363)
(-0.000539734, 0.000798760, 0.000479431)
(-0.000539734, 0.000798760, 0.000479431)
(0.002162934, 0.002752723, 0.002818239)
(0.002162934, 0.002752723, 0.002818239)
(-0.000631472, -0.002177726, -0.002580176)
(-0.000631472, -0.002177726, -0.002580176)
(0.000558153, 0.001463297, -0.000469707)
(0.000558153, 0.001463297, -0.000469707)
(0.000745705, 0.002237431, 0.005912855)
(0.000745705, 0.002237431, 0.005912855)
(0.001689328, -0.001708047, -0.001400853)
(0.001689328, -0.001708047, -0.001400853)
(0.001862807, 0.000892707, -0.002297672)
(0.001862807, 0.000892707, -0.002297672)
(0.001862807, 0.000892707, -0.002297672)
(-0.000469716, 0.001432033, 0.000620440)
(-0.000231591, -0.003215315, -0.002730910)
(-0.000231591, -0.003215315, -0.002730910)
(-0.000230394, 0.001488563, -0.001932507)
(-0.000230394, 0.001488563, -0.001932507)
(0.000326616, -0.001880699, 0.003292419)
(0.000326616, -0.001880699, 0.003292419)
(0.000276963, -0.000390111, 0.000041039)
(0.000276963, -0.000390111, 0.000041039)
(-0.000613306, 0.000608383, -0.001267916)
(-0.000613306, 0.000608383, -0.001267916)
(-0.000613306, 0.000608383, -0.001267916)
(0.001005560, 0.000703041, 0.001603129)
(0.000956808, -0.000603139, 0.000105319)
(0.000956808, -0.000603139, 0.000105319)
(0.000112034, -0.000092619, 0.001039773)
(0.000112034, -0.000092619, 0.001039773)
(0.000078438, -0.000709524, -0.001116987)
(0.000078438, -0.000709524, -0.001116987)
(0.001094828, 0.001174294, 0.006213254)
(0.001094828, 0.001174294, 0.006213254)
(0.000298516, 0.000871585, 0.006241066)
(0.000298516, 0.000871585, 0.006241066)
(-0.000987277, -0.002588036, -0.007638322)
(-0.000987277, -0.002588036, -0.007638322)
(0.003771180, 0.001473068, 0.005767762)
(0.003771180, 0.001473068, 0.005767762)
(-0.003309042, 0.001124893, -0.002460173)
(-0.003309042, 0.001124893, -0.002460173)
(-0.002922601, -0.002505402, -0.006622083)
(-0.002922601, -0.002505402, -0.006622083)
(-0.002922601, -0.002505402, -0.006622083)
(0.001900310, 0.000574086, 0.003055718)
(-0.003098002, -0.001557684, -0.001287657)
(-0.003098002, -0.001557684, -0.001287657)
(-0.003098002, -0.001557684, -0.001287657)
(0.000255382, -0.000542257, 0.000169795)
(-0.001431939, -0.002142177, -0.001534083)
(-0.001431939, -0.002142177, -0.001534083)
(-0.000281289, 0.001698601, 0.001110083)
(-0.000281289, 0.001698601, 0.001110083)
(0.001349595, 0.001142274, 0.001780800)
(0.001349595, 0.001142274, 0.001780800)
(0.001349595, 0.001142274, 0.001780800)
(0.000427939, 0.000861857, 0.001712338)
(0.002014433, 0.000624930, 0.003051633)
(0.002014433, 0.000624930, 0.003051633)
(0.002014433, 0.000624930, 0.003051633)
(-0.000279008, -0.001666172, -0.003887380)
(-0.000279008, -0.001666172, -0.003887380)
(-0.002755126, -0.003098950, -0.008709214)
(-0.002755126, -0.003098950, -0.008709214)
(-0.000490931, 0.001689294, -0.002233683)
(-0.000490931, 0.001689294, -0.002233683)
(0.000878910, -0.001709318, 0.001339879)
(0.000878910, -0.001709318, 0.001339879)
(0.002496905, 0.000776198, 0.008601950)
(0.002496905, 0.000776198, 0.008601950)
(-0.000931279, 0.001567904, -0.006039180)
(-0.000931279, 0.001567904, -0.006039180)
(-0.002299854, -0.003560445, -0.007015742)
(-0.002299854, -0.003560445, -0.007015742)
(0.001318443, 0.001966571, 0.005993571)
(0.001318443, 0.001966571, 0.005993571)
(-0.001981020, -0.000236371, -0.001016141)
(-0.001981020, -0.000236371, -0.001016141)
(0.001108840, -0.001313771, -0.004785657)
(0.001108840, -0.001313771, -0.004785657)
(0.001893525, -0.001083656, -0.000382962)
(-0.003056789, 0.000115228, -0.003221428)
(-0.003056789, 0.000115228, -0.003221428)
(-0.003056789, 0.000115228, -0.003221428)
(0.001813138, -0.000552949, 0.001993967)
(0.001813138, -0.000552949, 0.001993967)
(0.000102584, 0.000367907, -0.003319356)
(0.000102584, 0.000367907, -0.003319356)
(0.000493198, -0.000591872, -0.002267330)
(-0.000198299, -0.000240441, 0.003581536)
(-0.000198299, -0.000240441, 0.003581536)
(0.000998619, 0.001100153, 0.001771464)
(0.000998619, 0.001100153, 0.001771464)
(-0.001992255, -0.001058772, -0.007958753)
(0.002524254, 0.000342281, 0.005369046)
(-0.000297125, -0.000290172, 0.001264706)
(-0.000297125, -0.000290172, 0.001264706)
(-0.000978358, -0.003090175, -0.002789259)
(0.001931144, 0.000706882, 0.006196819)
(0.001931144, 0.000706882, 0.006196819)
(0.002004128, 0.001479532, 0.007640558)
(0.002004128, 0.001479532, 0.007640558)
(-0.001626576, 0.001244183, -0.011703180)
(-0.001626576, 0.001244183, -0.011703180)
(0.001272682, -0.001890585, -0.006123883)
(0.001272682, -0.001890585, -0.006123883)
(-0.001581806, 0.000125655, 0.001080130)
(-0.001581806, 0.000125655, 0.001080130)
(0.000743033, -0.001822473, -0.001694639)
(0.000743033, -0.001822473, -0.001694639)
(0.000743033, -0.001822473, -0.001694639)
(0.002127029, 0.002364241, -0.000932606)
(-0.000502471, 0.000170410, 0.001894385)
(-0.000502471, 0.000170410, 0.001894385)
(-0.000666872, 0.002192988, -0.000054848)
(-0.000666872, 0.002192988, -0.000054848)
(-0.000721460, -0.000996815, 0.000180881)
(0.001836578, 0.000019225, 0.002255369)
(0.000891515, -0.000279372, -0.003297281)
(0.000891515, -0.000279372, -0.003297281)
(0.000901614, -0.000769766, -0.006017494)
(-0.000311238, 0.000806206, 0.006489243)
(0.000280940, -0.001916760, -0.000091510)
(0.000280940, -0.001916760, -0.000091510)
(-0.000740032, -0.000887927, -0.004569184)
(-0.000740032, -0.000887927, -0.004569184)
(0.000646950, 0.001708815, 0.001005444)
(0.002084221, -0.000644521, 0.000160751)
(0.002084221, -0.000644521, 0.000160751)
(0.001681033, 0.003053313, 0.006520459)
(-0.000426611, -0.000523758, -0.003913053)
(-0.000426611, -0.000523758, -0.003913053)
(0.001139637, -0.002282065, -0.000716716)
(-0.000608107, -0.000531466, -0.001417580)
(-0.000608107, -0.000531466, -0.001417580)
(0.001145987, -0.001455355, 0.000962461)
(-0.000974948, 0.002170656, 0.003055620)
(-0.000974948, 0.002170656, 0.003055620)
(0.000020507, 0.003241927, 0.002956428)
(0.000020507, 0.003241927, 0.002956428)
(0.001808273, -0.002035937, 0.003363118)
(0.001808273, -0.002035937, 0.003363118)
(-0.003005880, 0.001842261, -0.005463474)
(-0.003005880, 0.001842261, -0.005463474)
(-0.005255168, 0.004651977, -0.015884730)
(-0.005255168, 0.004651977, -0.015884730)
(-0.000619909, -0.000725617, 0.004230276)
(-0.000619909, -0.000725617, 0.004230276)
(0.000155452, -0.000312673, -0.007104432)
(0.000155452, -0.000312673, -0.007104432)
(0.000155452, -0.000312673, -0.007104432)
(0.001487092, -0.005209947, -0.000738888)
(0.001330601, 0.001609906, 0.005627336)
(-0.001170849, -0.002187198, -0.002893508)
(-0.001170849, -0.002187198, -0.002893508)
(0.002565648, -0.000085969, 0.003094130)
(-0.001304686, 0.006286411, 0.000057668)
(-0.001304686, 0.006286411, 0.000057668)
(0.000928392, -0.003412004, 0.004645523)
(-0.002713023, 0.000001663, -0.009493224)
(-0.002713023, 0.000001663, -0.009493224)
(0.000723635, -0.000850146, 0.000015171)
(0.000266675, -0.000542801, 0.003529995)
(-0.001506527, 0.000608076, -0.004773793)
(-0.001506527, 0.000608076, -0.004773793)
(0.002091055, 0.000010382, 0.003174846)
(0.002091055, 0.000010382, 0.003174846)
(-0.001050617, -0.000489667, -0.001884466)
(-0.001050617, -0.000489667, -0.001884466)
(0.000950154, -0.000360023, 0.000112127)
(0.000950154, -0.000360023, 0.000112127)
(-0.001110917, -0.000930491, 0.000677622)
(-0.001110917, -0.000930491, 0.000677622)
(0.002220334, -0.000400564, -0.000195371)
(0.002220334, -0.000400564, -0.000195371)
(0.000678462, -0.000036244, 0.003111538)
(0.000678462, -0.000036244, 0.003111538)
(-0.002910817, -0.001773406, -0.001976171)
(-0.002910817, -0.001773406, -0.001976171)
(0.002664540, -0.000565774, 0.001121655)
(0.002664540, -0.000565774, 0.001121655)
(-0.001795722, -0.000879949, -0.005989681)
(0.002353515, 0.000643003, 0.007100931)
(0.002353515, 0.000643003, 0.007100931)
(0.002353515, 0.000643003, 0.007100931)
(0.001182347, -0.002426783, -0.001860349)
(0.001182347, -0.002426783, -0.001860349)
(-0.000021232, -0.002067806, -0.002741996)
(-0.000021232, -0.002067806, -0.002741996)
(-0.002010884, 0.000292100, -0.001197606)
(-0.002010884, 0.000292100, -0.001197606)
(0.000685891, -0.000260449, -0.002764461)
(0.000685891, -0.000260449, -0.002764461)
(0.000846087, 0.000950423, -0.001024796)
(0.000846087, 0.000950423, -0.001024796)
(-0.001140422, 0.000296944, 0.000608382)
(-0.001140422, 0.000296944, 0.000608382)
(0.000609406, -0.001200804, 0.000097539)
(0.000609406, -0.001200804, 0.000097539)
(0.001008049, 0.002728093, 0.000327628)
(-0.000259569, 0.000223644, -0.000428960)
(-0.000259569, 0.000223644, -0.000428960)
(0.001043941, -0.002290146, 0.001653795)
(-0.000420558, 0.000346439, -0.003196241)
(-0.000420558, 0.000346439, -0.003196241)
(0.000012051, -0.000963301, -0.004508015)
(-0.001437554, -0.001777582, -0.003509475)
(-0.001437554, -0.001777582, -0.003509475)
(-0.002104407, 0.001038031, -0.004809094)
(0.002112125, -0.000336704, 0.003039672)
(0.002112125, -0.000336704, 0.003039672)
(0.001373312, -0.000589504, 0.000344354)
(-0.001444331, 0.001061403, -0.001069044)
(-0.001444331, 0.001061403, -0.001069044)
(0.001961204, 0.000695139, -0.000121560)
(0.001961204, 0.000695139, -0.000121560)
(-0.000895197, -0.002819381, -0.007903030)
(-0.000961332, -0.000205343, 0.002485652)
(-0.001644764, -0.003504789, -0.004908773)
(-0.001644764, -0.003504789, -0.004908773)
(0.002487931, 0.002320411, 0.004503444)
(0.002487931, 0.002320411, 0.004503444)
(-0.001777796, 0.000941185, -0.001544488)
(0.000987602, -0.000346861, 0.004272870)
(-0.000654913, 0.000275143, 0.005072927)
(-0.000654913, 0.000275143, 0.005072927)
(0.001506498, 0.001933297, 0.004197600)
(0.001506498, 0.001933297, 0.004197600)
(-0.000798028, 0.000751787, -0.002536707)
(-0.000233065, 0.000164189, 0.002008165)
(0.001985973, 0.000342397, 0.001234074)
(0.001985973, 0.000342397, 0.001234074)
(-0.001590082, -0.001727920, -0.004532910)
(-0.001590082, -0.001727920, -0.004532910)
(0.001359125, 0.000712832, 0.002685982)
(-0.000764191, -0.002461473, -0.001594863)
(0.000714787, 0.000118297, -0.002721477)
(0.000714787, 0.000118297, -0.002721477)
(0.000120718, 0.002144101, 0.001450352)
(0.000120718, 0.002144101, 0.001450352)
(0.001552584, 0.000463638, 0.004935030)
(-0.001132237, 0.000687626, -0.007614690)
(-0.001132237, 0.000687626, -0.007614690)
(-0.001315564, -0.001626600, -0.007831748)
(-0.001315564, -0.001626600, -0.007831748)
(0.000514096, 0.000430800, 0.002332389)
(0.001127242, 0.000615185, 0.000358358)
(0.001127242, 0.000615185, 0.000358358)
(0.001127242, 0.000615185, 0.000358358)
(0.001341996, -0.002239881, -0.002483901)
(-0.000175569, -0.000802160, -0.000009919)
(0.001002486, 0.001273375, 0.002143729)
(0.001002486, 0.001273375, 0.002143729)
(0.000764657, -0.002209925, 0.000156763)
(0.000764657, -0.002209925, 0.000156763)
(0.000519967, -0.000846459, -0.001025380)
(0.001660617, 0.003952338, 0.000520178)
(0.000369095, -0.003377495, -0.001046483)
(0.000369095, -0.003377495, -0.001046483)
(-0.000561524, 0.000343087, -0.004536314)
(-0.000561524, 0.000343087, -0.004536314)
(0.000230207, 0.003542923, 0.005511320)
(-0.000537610, -0.001043910, -0.004805690)
(-0.000406836, 0.000875290, 0.000776620)
(-0.000406836, 0.000875290, 0.000776620)
(0.000747558, 0.001378117, 0.000521929)
(-0.002660992, -0.001714122, -0.003973347)
(0.002126595, -0.000973749, 0.001498490)
(0.002126595, -0.000973749, 0.001498490)
(0.000184628, 0.001108247, 0.001211512)
(0.000184628, 0.001108247, 0.001211512)
(-0.000748008, 0.000571087, 0.000464163)
(0.000376817, 0.002770411, 0.001130796)
(0.000376817, 0.002770411, 0.001130796)
(-0.001953749, 0.004042049, -0.001028978)
(-0.000229532, -0.001784716, -0.003691620)
(-0.000229532, -0.001784716, -0.003691620)
(0.002718393, -0.002055432, 0.002088103)
(-0.001631033, -0.001327018, -0.003995422)
(-0.000358191, -0.000674673, -0.005274327)
