(0.032473250, 0.159865100, 0.985962900)
(0.079297330, 0.298840700, 0.949609500)
(0.074530580, 0.400442400, 0.913208400)
(0.075896200, 0.423876000, 0.902486300)
(0.071212940, 0.401511400, 0.912888400)
(-0.122003100, 0.455386300, 0.877035800)
(-0.297295000, 0.534128200, 0.790745100)
(-0.292565500, 0.565726800, 0.770751500)
(-0.263266400, 0.556324600, 0.788077900)
(-0.083720750, 0.544852000, 0.826320900)
(0.295970500, 0.520163200, 0.793001400)
(0.526929400, 0.559228400, 0.637522800)
(0.554439700, 0.612987500, 0.562658400)
(0.514367500, 0.621330400, 0.590491700)
(0.331319800, 0.601481700, 0.719531200)
(0.016649760, 0.598754000, 0.797988400)
(-0.041787670, 0.594157500, 0.802927200)
(-0.010940770, 0.586337600, 0.809940000)
(-0.001597635, 0.555646700, 0.831164200)
(0.006648873, 0.450630200, 0.891032100)
