(0.008918467, 0.009880125, -0.013583370)
(0.040390450, -0.004687388, 0.010891740)
(0.040390450, -0.004687388, 0.010891740)
(-0.009449765, -0.021438360, -0.096746890)
(-0.009449765, -0.021438360, -0.096746890)
(-0.018046760, 0.006174889, -0.077950950)
(-0.110853200, -0.157958700, -0.205583000)
(-0.110853200, -0.157958700, -0.205583000)
(-0.131085700, -0.087884990, -0.215801500)
(-0.131085700, -0.087884990, -0.215801500)
(0.002534151, 0.035466820, -0.121425400)
(0.041337070, -0.009084541, -0.026722120)
(0.041337070, -0.009084541, -0.026722120)
(0.044004560, 0.059878330, 0.038093190)
(-0.040386340, -0.074394750, 0.049650790)
(-0.040386340, -0.074394750, 0.049650790)
(-0.027226180, -0.095924850, 0.034818520)
(-0.027226180, -0.095924850, 0.034818520)
(-0.045381690, -0.096998270, -0.033176300)
(0.056747650, 0.075551500, 0.048975750)
(0.056747650, 0.075551500, 0.048975750)
(0.015008090, 0.073130820, 0.029513610)
(0.015008090, 0.073130820, 0.029513610)
(0.025899890, 0.040674050, 0.006434833)
(0.065254110, 0.107507800, 0.058939360)
(0.065254110, 0.107507800, 0.058939360)
(0.065254110, 0.107507800, 0.058939360)
(0.019223090, 0.139626100, 0.062884550)
(0.047093030, 0.150445200, 0.080100120)
(-0.043081820, 0.119321400, 0.106454900)
(-0.043081820, 0.119321400, 0.106454900)
(-0.008036033, 0.094376380, 0.089338070)
(-0.008036033, 0.094376380, 0.089338070)
(-0.026798520, 0.059746130, 0.058916900)
(0.013439440, 0.024784460, 0.052247650)
(0.005747350, 0.028463050, 0.036792600)
(0.005747350, 0.028463050, 0.036792600)
(-0.026717340, -0.001094620, -0.005965710)
(-0.026717340, -0.001094620, -0.005965710)
(0.014138250, -0.076261710, 0.004956473)
(0.014138250, -0.076261710, 0.004956473)
(0.009222287, -0.032171200, 0.019035460)
(0.011451120, 0.033535920, -0.008901958)
(0.011451120, 0.033535920, -0.008901958)
(0.022948960, 0.013895870, -0.003384220)
(0.022948960, 0.013895870, -0.003384220)
(-0.026839360, -0.016987040, -0.034231200)
(-0.026839360, -0.016987040, -0.034231200)
(-0.018114030, 0.024235250, -0.031064130)
(0.003749329, 0.036234450, 0.002231251)
(0.003749329, 0.036234450, 0.002231251)
(0.024878440, -0.010717430, -0.003794217)
(0.024878440, -0.010717430, -0.003794217)
(0.029663840, 0.009556144, 0.001142806)
(0.019667170, -0.015548840, -0.000418603)
(0.043085100, -0.013781070, 0.014113070)
(0.043085100, -0.013781070, 0.014113070)
(0.005603299, -0.012946590, 0.016810770)
(0.030632130, 0.000458183, 0.005209657)
(0.030632130, 0.000458183, 0.005209657)
(0.014233910, 0.005207955, 0.011218250)
(0.014233910, 0.005207955, 0.011218250)
(-0.029269400, -0.008183978, -0.003206063)
(-0.029269400, -0.008183978, -0.003206063)
(-0.026404540, -0.010716890, 0.003212773)
(-0.026404540, -0.010716890, 0.003212773)
(-0.055509220, -0.011748980, 0.003952342)
(-0.055509220, -0.011748980, 0.003952342)
(-0.063984710, -0.017412300, 0.016309660)
(-0.063984710, -0.017412300, 0.016309660)
(-0.047161910, -0.010884640, 0.018475460)
(-0.080861900, 0.004779531, -0.020007260)
(-0.080861900, 0.004779531, -0.020007260)
(-0.080861900, 0.004779531, -0.020007260)
(-0.040489100, 0.000686520, 0.001237720)
(-0.040489100, 0.000686520, 0.001237720)
(-0.009578681, 0.011517530, -0.042989030)
(0.124170500, -0.018798520, 0.012171520)
(0.124170500, -0.018798520, 0.012171520)
(0.124170500, -0.018798520, 0.012171520)
(0.045916770, -0.045900680, 0.008419658)
(0.045916770, -0.045900680, 0.008419658)
(0.042386410, 0.014034300, -0.060325190)
(0.090515300, 0.081650000, 0.011982620)
(0.090515300, 0.081650000, 0.011982620)
(0.090515300, 0.081650000, 0.011982620)
(0.046638300, -0.011261190, 0.041137780)
(0.065359700, -0.035793000, 0.016806690)
(0.065359700, -0.035793000, 0.016806690)
(0.027953270, -0.013599900, -0.003537531)
(0.027953270, -0.013599900, -0.003537531)
(0.028223380, -0.018897420, -0.012610260)
(0.028223380, -0.018897420, -0.012610260)
(-0.022602750, -0.003942568, 0.023433540)
(-0.022602750, -0.003942568, 0.023433540)
(-0.021756410, 0.037252100, -0.002267428)
(-0.021756410, 0.037252100, -0.002267428)
(-0.025494700, 0.043355170, -0.005280940)
(0.029227020, -0.015141270, 0.025461740)
(0.029227020, -0.015141270, 0.025461740)
(0.037974410, -0.006907505, -0.008109778)
(0.037974410, -0.006907505, -0.008109778)
(-0.059613240, 0.061794650, 0.012749560)
(0.022222950, 0.015287390, 0.031717390)
(0.022222950, 0.015287390, 0.031717390)
(-0.028226340, -0.038682900, 0.008115419)
(-0.028226340, -0.038682900, 0.008115419)
(-0.028226340, -0.038682900, 0.008115419)
(0.007453794, -0.006988853, 0.004073950)
(-0.003115719, 0.011321720, -0.013492250)
(-0.003115719, 0.011321720, -0.013492250)
(-0.053917200, 0.020864550, -0.007824600)
(0.021064510, 0.013390330, 0.011116340)
(0.021064510, 0.013390330, 0.011116340)
(-0.011167370, 0.023357340, 0.022913310)
(-0.011167370, 0.023357340, 0.022913310)
(-0.010361480, -0.000998151, 0.024225380)
(0.001512202, 0.020942000, 0.001559562)
(0.001512202, 0.020942000, 0.001559562)
(-0.024099100, 0.001539626, 0.012699190)
(-0.024099100, 0.001539626, 0.012699190)
(-0.026524020, -0.006907311, 0.011470660)
(0.010754550, 0.007463179, -0.003965616)
(0.010754550, 0.007463179, -0.003965616)
(0.010754550, 0.007463179, -0.003965616)
(0.022228100, 0.008061252, 0.024337700)
(0.012415910, -0.006395447, 0.025319710)
(0.012415910, -0.006395447, 0.025319710)
(0.037480150, 0.020425520, 0.006628939)
(0.037480150, 0.020425520, 0.006628939)
(0.041508220, 0.009295423, 0.027906540)
(0.048183490, -0.045278530, 0.012439880)
(0.048183490, -0.045278530, 0.012439880)
(0.048183490, -0.045278530, 0.012439880)
(0.068422230, -0.054488920, -0.035851290)
(0.095902880, -0.044572320, -0.014484320)
(0.095902880, -0.044572320, -0.014484320)
(0.111990300, 0.029675870, -0.084143920)
(0.111990300, 0.029675870, -0.084143920)
(0.111990300, 0.029675870, -0.084143920)
(-0.046478290, -0.023736370, -0.032306910)
(-0.046478290, -0.023736370, -0.032306910)
(-0.057920820, -0.028258970, -0.002903671)
(-0.057920820, -0.028258970, -0.002903671)
(-0.106424000, -0.065957490, 0.016126440)
(-0.199808400, 0.032959100, 0.002889424)
(-0.199808400, 0.032959100, 0.002889424)
(-0.183473600, 0.055747010, 0.009212130)
(-0.183473600, 0.055747010, 0.009212130)
(-0.081229460, -0.004012100, -0.026549310)
(-0.081229460, -0.004012100, -0.026549310)
(-0.053721290, 0.018108930, -0.020329970)
(-0.013959860, -0.004911787, 0.011118530)
(0.066127840, -0.037700650, 0.004963718)
(0.066127840, -0.037700650, 0.004963718)
(0.066127840, -0.037700650, 0.004963718)
(0.108001800, 0.004611827, 0.005630156)
(0.080602120, 0.012493900, -0.004628310)
(0.080602120, 0.012493900, -0.004628310)
(0.044339320, -0.015148130, 0.000851209)
(0.044339320, -0.015148130, 0.000851209)
(0.044339320, -0.015148130, 0.000851209)
(0.027832660, 0.014386880, -0.001134443)
(0.027832660, 0.014386880, -0.001134443)
(0.024391190, 0.023644080, 0.023974960)
(0.024391190, 0.023644080, 0.023974960)
(-0.045501180, 0.012801010, 0.002152286)
(-0.045501180, 0.012801010, 0.002152286)
(0.067947850, 0.002502475, 0.012895580)
(0.067947850, 0.002502475, 0.012895580)
(0.009897654, -0.005024595, 0.021501180)
(0.023224580, -0.019133200, 0.006123202)
(0.023224580, -0.019133200, 0.006123202)
(0.010244050, -0.017234480, 0.004415143)
(0.010244050, -0.017234480, 0.004415143)
(0.028219050, 0.015096740, -0.004913246)
(0.028219050, 0.015096740, -0.004913246)
(0.023691800, 0.016736530, 0.018050880)
(0.022456440, 0.000930466, 0.010196520)
(0.022456440, 0.000930466, 0.010196520)
(0.012661800, 0.022712010, -0.001508993)
(0.012661800, 0.022712010, -0.001508993)
(0.020754530, 0.022666890, 0.008599809)
(0.016498630, -0.020592980, 0.013324250)
(0.016498630, -0.020592980, 0.013324250)
(0.031641460, -0.021253540, 0.002276034)
(0.031641460, -0.021253540, 0.002276034)
(0.052132800, 0.001639499, 0.011877880)
(0.038810010, -0.002879845, -0.011275190)
(0.038810010, -0.002879845, -0.011275190)
(0.028943160, 0.011189900, 0.023755820)
(0.028943160, 0.011189900, 0.023755820)
(0.012248810, -0.000597976, 0.024654580)
(-0.089872470, -0.012549820, -0.015218200)
(-0.089872470, -0.012549820, -0.015218200)
(0.012100610, -0.007354407, 0.030105320)
(0.012100610, -0.007354407, 0.030105320)
(0.001723764, 0.018966030, 0.024333320)
(-0.083961270, -0.025417440, -0.026550080)
(-0.083961270, -0.025417440, -0.026550080)
(-0.016916990, -0.036352310, -0.041734590)
(-0.016916990, -0.036352310, -0.041734590)
(-0.016916990, -0.036352310, -0.041734590)
(0.069286820, 0.025888990, 0.032846290)
(0.069286820, 0.025888990, 0.032846290)
(0.086345390, 0.002819309, -0.001575170)
(0.086345390, 0.002819309, -0.001575170)
(0.099145550, 0.052532970, 0.027235290)
(0.099145550, 0.052532970, 0.027235290)
(0.126075800, 0.053910390, 0.045392120)
(0.126075800, 0.053910390, 0.045392120)
(0.058028200, 0.057949330, -0.029040700)
(0.019253180, -0.057049890, -0.055224210)
(0.019253180, -0.057049890, -0.055224210)
(0.069323940, -0.053878300, -0.031197800)
(-0.001413973, 0.001503596, -0.005660060)
(-0.001413973, 0.001503596, -0.005660060)
(-0.004919777, 0.020875340, 0.007820321)
(-0.004919777, 0.020875340, 0.007820321)
(-0.077533410, 0.013743780, 0.023836240)
(-0.077533410, 0.013743780, 0.023836240)
(-0.100142800, 0.018076360, 0.021590940)
(-0.067681890, 0.037605060, 0.000170718)
(-0.067681890, 0.037605060, 0.000170718)
(-0.029470600, 0.028506320, 0.015960730)
(-0.029470600, 0.028506320, 0.015960730)
(-0.002291366, -0.015253740, -0.010726230)
(0.012242630, -0.020871210, 0.010729150)
(0.012242630, -0.020871210, 0.010729150)
(0.033678880, -0.036145710, -0.002399685)
(0.033678880, -0.036145710, -0.002399685)
(0.021942320, -0.006171000, -0.038725060)
(0.021942320, -0.006171000, -0.038725060)
(0.021872170, 0.021124200, 0.023258690)
(0.021872170, 0.021124200, 0.023258690)
(0.010298920, 0.006777388, 0.010769110)
(-0.000301896, 0.017625810, 0.018714930)
(-0.000301896, 0.017625810, 0.018714930)
(-0.006359174, 0.008185583, 0.030141100)
(-0.006359174, 0.008185583, 0.030141100)
(-0.006860613, 0.004597726, 0.024556070)
(0.016390360, 0.019399120, 0.000343382)
(0.016390360, 0.019399120, 0.000343382)
(0.017500350, 0.024561520, -0.012614490)
(0.008030235, -0.035944750, 0.008621934)
(0.008030235, -0.035944750, 0.008621934)
(0.019063470, -0.029175340, -0.008362671)
(0.019063470, -0.029175340, -0.008362671)
(0.015454010, -0.003340799, -0.020380450)
(0.015454010, -0.003340799, -0.020380450)
(0.003725436, -0.033024590, -0.003424287)
(0.007265393, -0.036558720, -0.017383560)
(0.007265393, -0.036558720, -0.017383560)
(0.005644559, 0.006545647, -0.023060740)
(-0.003700844, 0.017375350, 0.009767707)
(-0.003700844, 0.017375350, 0.009767707)
(-0.002340304, 0.008422479, 0.005031645)
(-0.002340304, 0.008422479, 0.005031645)
(-0.002340304, 0.008422479, 0.005031645)
(0.009969079, 0.011503920, 0.050539640)
(0.012088760, 0.021269000, 0.049022480)
(0.012088760, 0.021269000, 0.049022480)
(0.008318594, 0.123770400, 0.078594630)
(0.008318594, 0.123770400, 0.078594630)
(0.008318594, 0.123770400, 0.078594630)
(0.029448370, 0.116334500, 0.084856410)
(0.029448370, 0.116334500, 0.084856410)
(0.016336440, 0.039583220, 0.014480770)
(0.016336440, 0.039583220, 0.014480770)
(0.016336440, 0.039583220, 0.014480770)
(0.018947590, -0.033828200, 0.001128608)
(0.018947590, -0.033828200, 0.001128608)
(0.018947590, -0.033828200, 0.001128608)
(0.007805014, -0.024501080, -0.008074089)
(0.007805014, -0.024501080, -0.008074089)
(-0.012897070, -0.083201350, 0.000651122)
(0.009350654, -0.106803900, -0.039745240)
(0.009350654, -0.106803900, -0.039745240)
(0.009350654, -0.106803900, -0.039745240)
(-0.041053110, -0.002583434, -0.003963379)
(-0.041053110, -0.002583434, -0.003963379)
(-0.034634870, 0.042266530, -0.002123452)
(-0.034634870, 0.042266530, -0.002123452)
(0.039680230, 0.034919370, 0.000932363)
(0.039680230, 0.034919370, 0.000932363)
(-0.017504180, -0.206703000, -0.129575400)
(-0.017504180, -0.206703000, -0.129575400)
(0.006341715, -0.043991120, -0.038770140)
(0.006341715, -0.043991120, -0.038770140)
(-0.009647094, -0.028811730, -0.043958400)
(-0.009647094, -0.028811730, -0.043958400)
(-0.000474993, 0.002463965, -0.059372940)
(-0.000474993, 0.002463965, -0.059372940)
(0.021968630, 0.030970380, -0.002593986)
(0.021968630, 0.030970380, -0.002593986)
(0.005691170, -0.015501480, -0.005856841)
(0.005691170, -0.015501480, -0.005856841)
(0.000107156, -0.002463479, -0.013789430)
(0.000107156, -0.002463479, -0.013789430)
(0.005823021, -0.012644780, 0.000555090)
(0.005823021, -0.012644780, 0.000555090)
(0.005592944, 0.008216459, -0.014644050)
