(-0.054751990, -0.135437400, -0.070597560)
(-0.060041610, -0.126122200, -0.078457610)
(-0.026267040, -0.095831790, -0.072074660)
(-0.026267040, -0.095831790, -0.072074660)
(0.008066163, -0.056553190, -0.066665450)
(0.023659200, -0.051651180, -0.049655560)
(0.023659200, -0.051651180, -0.049655560)
(0.027143000, -0.078468260, -0.032473050)
(0.007525429, -0.034168520, -0.085676600)
(0.007525429, -0.034168520, -0.085676600)
(0.019706010, 0.007025369, -0.051418170)
(0.019706010, 0.007025369, -0.051418170)
(0.023234400, 0.010762060, -0.053436650)
(0.013053990, 0.061007140, -0.126514200)
(0.013053990, 0.061007140, -0.126514200)
(0.023603420, 0.038670510, -0.062567520)
(0.024389780, 0.038698270, -0.042030610)
(0.024389780, 0.038698270, -0.042030610)
(0.037725590, 0.067739550, -0.160444800)
(0.037725590, 0.067739550, -0.160444800)
(0.028578010, 0.093204060, -0.148803400)
(-0.023593210, 0.109883800, -0.062149900)
(-0.023593210, 0.109883800, -0.062149900)
(0.008450346, 0.049103240, -0.102620400)
(-0.012678680, 0.035308460, -0.069911330)
(-0.012678680, 0.035308460, -0.069911330)
(-0.077925340, 0.108223400, 0.060698860)
(-0.030715710, 0.074901260, 0.051843390)
(-0.030715710, 0.074901260, 0.051843390)
(-0.037932910, 0.034792410, -0.006363696)
(-0.029751560, 0.061669730, 0.003202319)
(-0.029751560, 0.061669730, 0.003202319)
(0.021955670, 0.132297400, 0.073634070)
(0.001383021, 0.105977100, 0.065089990)
(0.001383021, 0.105977100, 0.065089990)
(-0.013122190, 0.021142330, -0.021556220)
(-0.013122190, 0.021142330, -0.021556220)
(0.025358050, 0.021191440, 0.001562163)
(-0.010646670, 0.027613980, 0.011833880)
(-0.010646670, 0.027613980, 0.011833880)
(-0.029783310, 0.058551490, -0.016912890)
(-0.029783310, 0.058551490, -0.016912890)
(-0.000236528, 0.050165530, -0.031685270)
(-0.024121060, 0.057665370, -0.049565210)
(0.017169340, 0.103838500, -0.052790800)
(0.017169340, 0.103838500, -0.052790800)
(-0.004084246, 0.090152030, -0.011554450)
(-0.004084246, 0.090152030, -0.011554450)
(-0.026210200, 0.060222790, -0.025538200)
(-0.005693924, 0.036661900, -0.055693240)
(-0.005693924, 0.036661900, -0.055693240)
(-0.026465230, 0.055846150, -0.026920090)
(-0.026465230, 0.055846150, -0.026920090)
(-0.053148700, 0.113123300, 0.019958570)
(-0.046998820, 0.021684000, -0.027835810)
(-0.046998820, 0.021684000, -0.027835810)
(-0.044877470, 0.013705900, -0.040111650)
(-0.009150781, 0.110262900, 0.013133410)
(-0.009150781, 0.110262900, 0.013133410)
(0.022667210, 0.042825660, -0.021241440)
(0.022667210, 0.042825660, -0.021241440)
(-0.006417445, 0.031415190, -0.031036940)
(-0.023720620, 0.041442600, 0.005965527)
(-0.023720620, 0.041442600, 0.005965527)
(0.001198074, -0.037860580, -0.056905900)
(0.019358070, 0.018444580, -0.016079460)
(0.019358070, 0.018444580, -0.016079460)
(0.046576080, 0.046936120, 0.010445660)
(0.003959167, 0.091893930, -0.003713991)
(0.003959167, 0.091893930, -0.003713991)
(-0.006755984, -0.025248810, -0.002861243)
(-0.006755984, -0.025248810, -0.002861243)
(-0.021941110, -0.111676900, -0.061620640)
(-0.046156090, -0.074139810, -0.058228150)
(-0.046156090, -0.074139810, -0.058228150)
(0.004272885, -0.083422980, -0.014354000)
(-0.014680260, -0.060829900, -0.016011810)
(-0.014680260, -0.060829900, -0.016011810)
(-0.029766290, -0.036830240, -0.012717130)
(-0.029766290, -0.036830240, -0.012717130)
(-0.028237420, 0.015832510, 0.019362140)
(-0.011857450, 0.031969510, 0.036999140)
(-0.011857450, 0.031969510, 0.036999140)
(-0.004835363, 0.003544290, 0.016139290)
(-0.004835363, 0.003544290, 0.016139290)
(-0.016781340, 0.010320610, 0.012305390)
(0.018744870, 0.047813780, 0.029514930)
(0.025052940, -0.013539700, -0.033773380)
(0.025052940, -0.013539700, -0.033773380)
(0.020799480, 0.010554970, -0.051879320)
(0.020799480, 0.010554970, -0.051879320)
(-0.020544310, 0.034329320, -0.028236430)
(-0.020544310, 0.034329320, -0.028236430)
(-0.019601960, 0.001712921, 0.005905692)
(-0.065896590, -0.061646390, 0.015983390)
(-0.065896590, -0.061646390, 0.015983390)
(-0.099135130, -0.058956720, -0.008891620)
(-0.037301220, -0.010065330, 0.006625134)
(-0.037301220, -0.010065330, 0.006625134)
(-0.004408160, -0.024655410, -0.014703980)
(0.049142900, -0.046418960, -0.041924780)
(0.049142900, -0.046418960, -0.041924780)
(0.014422910, -0.005421268, -0.066414220)
(0.100783300, 0.192460800, -0.004044472)
(0.090841270, 0.156893700, -0.042614480)
(0.090841270, 0.156893700, -0.042614480)
(-0.034459850, 0.149354000, -0.038787200)
(-0.034459850, 0.149354000, -0.038787200)
(-0.066898230, 0.180138600, -0.030767860)
(-0.012247200, 0.068367180, -0.092321660)
(-0.012247200, 0.068367180, -0.092321660)
(-0.053012430, 0.080395270, -0.148982300)
(0.021146870, 0.119939700, -0.004069185)
(0.021146870, 0.119939700, -0.004069185)
(-0.061843690, 0.145356000, -0.061332750)
(-0.020611620, 0.163013600, 0.034174700)
(-0.020611620, 0.163013600, 0.034174700)
(0.055167360, 0.071320790, -0.026373240)
(-0.109701600, 0.160201500, -0.108103800)
(-0.109701600, 0.160201500, -0.108103800)
(-0.005849103, 0.078407430, -0.041890570)
(-0.006297342, 0.087689820, -0.054173690)
(-0.148057500, 0.224876300, 0.013453490)
(-0.148057500, 0.224876300, 0.013453490)
(-0.004513667, 0.162033100, 0.093297470)
(-0.004513667, 0.162033100, 0.093297470)
(0.022249110, 0.065536980, -0.072174820)
(-0.041305710, -0.005107985, -0.094090860)
(-0.041305710, -0.005107985, -0.094090860)
(0.031397290, -0.083399640, -0.132027500)
(0.031397290, -0.083399640, -0.132027500)
(0.012462810, -0.079093900, -0.131506000)
(0.000829098, -0.034038740, -0.102829900)
(0.020678520, -0.063528340, -0.140272500)
(0.020678520, -0.063528340, -0.140272500)
(0.064974270, -0.089846430, -0.130119800)
(0.064974270, -0.089846430, -0.130119800)
(0.036329780, -0.062783660, -0.076915260)
(0.036329780, -0.062783660, -0.076915260)
(0.000753099, -0.105480600, -0.096243240)
(0.029009150, -0.190656800, -0.122591800)
(0.029009150, -0.190656800, -0.122591800)
(0.028594520, -0.184699000, -0.095498520)
(0.032295440, -0.171872000, -0.132724600)
(0.067642970, -0.246188400, -0.112763700)
(0.067642970, -0.246188400, -0.112763700)
(0.022210710, -0.227839400, -0.073568960)
(0.017339120, -0.242235500, -0.081849310)
(0.017339120, -0.242235500, -0.081849310)
(0.016035310, -0.245705700, -0.120460900)
(0.011780860, -0.150846200, -0.035973580)
(0.011780860, -0.150846200, -0.035973580)
(-0.007409455, -0.098005540, -0.017319430)
(-0.000148877, -0.088778980, -0.021230440)
(-0.000148877, -0.088778980, -0.021230440)
(-0.014807730, -0.055590140, -0.013863540)
(-0.014807730, -0.055590140, -0.013863540)
(-0.014259610, -0.015562820, -0.002329083)
(-0.014259610, -0.015562820, -0.002329083)
(-0.006415259, -0.001292057, -0.008932202)
(0.011298830, -0.005409453, -0.022383990)
(0.002303571, 0.051001840, 0.007512872)
(0.002303571, 0.051001840, 0.007512872)
(0.000629661, 0.046202290, 0.006273839)
(0.000629661, 0.046202290, 0.006273839)
(0.008949230, 0.018404010, -0.002085672)
(0.004742455, -0.036542710, -0.005546621)
(0.004742455, -0.036542710, -0.005546621)
(-0.000505807, -0.010159270, -0.005623835)
(-0.000505807, -0.010159270, -0.005623835)
(-0.008312382, -0.007623820, -0.002305938)
(-0.013012220, -0.006808811, -0.000180297)
(0.002529486, -0.002098946, 0.009132339)
(0.002529486, -0.002098946, 0.009132339)
(-0.005133749, 0.002151642, 0.009347255)
(-0.005133749, 0.002151642, 0.009347255)
(-0.000670380, -0.011300660, 0.003666822)
(-0.002787177, 0.002491122, 0.006010492)
(-0.002787177, 0.002491122, 0.006010492)
(0.006780080, -0.004748375, 0.000885635)
(0.015376260, -0.010204910, -0.002800345)
(0.015376260, -0.010204910, -0.002800345)
(0.006930188, -0.005287285, -0.011836800)
(-0.002928332, -0.002763184, 0.001662936)
(-0.002928332, -0.002763184, 0.001662936)
(-0.010406210, -0.002812246, 0.006762801)
(-0.010406210, -0.002812246, 0.006762801)
(-0.003680309, 0.015546120, 0.007563927)
(-0.004630644, 0.010745520, 0.007484768)
(-0.004630644, 0.010745520, 0.007484768)
(0.007820931, -0.004048058, 0.001817268)
(0.014899750, -0.013853630, -0.010395200)
(0.014899750, -0.013853630, -0.010395200)
(0.014649290, -0.017075590, -0.005958854)
(0.014926140, 0.001051843, 0.012232110)
(0.014926140, 0.001051843, 0.012232110)
(0.019915330, 0.000687870, 0.007485059)
(0.015947940, -0.000114582, 0.004275496)
(0.003234295, 0.002765470, 0.001653600)
(0.004003348, 0.005023282, 0.002523675)
(0.004003348, 0.005023282, 0.002523675)
(-0.000553321, -0.003804440, -0.000694543)
(-0.000553321, -0.003804440, -0.000694543)
(-0.006796831, -0.013833070, -0.000940969)
(-0.006796831, -0.013833070, -0.000940969)
(-0.006796831, -0.013833070, -0.000940969)
(-0.009165525, -0.003978574, 0.004048033)
(-0.009583270, -0.007314925, 0.002520952)
