(0.023916860, 0.142948200, 0.989441200)
(0.023916860, 0.142948200, 0.989441200)
(0.024970980, 0.159219500, 0.986927400)
(0.024970980, 0.159219500, 0.986927400)
(0.037508040, 0.169522900, 0.984812300)
(0.037508040, 0.169522900, 0.984812300)
(0.044668090, 0.166391500, 0.985047600)
(0.044668090, 0.166391500, 0.985047600)
(0.040563870, 0.207815700, 0.977326600)
(0.040563870, 0.207815700, 0.977326600)
(0.040796950, 0.233382300, 0.971528900)
(0.040796950, 0.233382300, 0.971528900)
(0.045651380, 0.243614000, 0.968797200)
(0.045651380, 0.243614000, 0.968797200)
(0.048432880, 0.274369600, 0.960403900)
(0.048432880, 0.274369600, 0.960403900)
(0.041639750, 0.298428800, 0.953523200)
(0.041639750, 0.298428800, 0.953523200)
(0.039327800, 0.307241800, 0.950818400)
(0.039327800, 0.307241800, 0.950818400)
(0.037886020, 0.347300100, 0.936988400)
(0.037886020, 0.347300100, 0.936988400)
(0.036349800, 0.390023600, 0.920087100)
(0.036349800, 0.390023600, 0.920087100)
(0.043009800, 0.419520600, 0.906726300)
(0.043009800, 0.419520600, 0.906726300)
(0.043886080, 0.434571400, 0.899567500)
(0.043886080, 0.434571400, 0.899567500)
(0.043886080, 0.434571400, 0.899567500)
(0.040928040, 0.457335200, 0.888352200)
(0.040928040, 0.457335200, 0.888352200)
(0.046508860, 0.471866200, 0.880442600)
(0.046508860, 0.471866200, 0.880442600)
(0.050026830, 0.478963600, 0.876408000)
(0.050026830, 0.478963600, 0.876408000)
(0.048887090, 0.480598200, 0.875577200)
(0.048887090, 0.480598200, 0.875577200)
(0.050910170, 0.478406900, 0.876661300)
(0.050910170, 0.478406900, 0.876661300)
(0.053736440, 0.485276200, 0.872708100)
(0.053736440, 0.485276200, 0.872708100)
(0.052762980, 0.496434400, 0.866469300)
(0.052762980, 0.496434400, 0.866469300)
(0.052547720, 0.491770700, 0.869137700)
(0.052547720, 0.491770700, 0.869137700)
(0.049518460, 0.486141200, 0.872476000)
(0.049518460, 0.486141200, 0.872476000)
(0.046905380, 0.474980100, 0.878745500)
(0.046905380, 0.474980100, 0.878745500)
(0.048731540, 0.463184100, 0.884921300)
(0.048731540, 0.463184100, 0.884921300)
(0.050672660, 0.455014500, 0.889041100)
(0.050672660, 0.455014500, 0.889041100)
(0.053171160, 0.439001300, 0.896911800)
(0.053171160, 0.439001300, 0.896911800)
(0.052534800, 0.434836400, 0.898975700)
(0.052534800, 0.434836400, 0.898975700)
(0.051245120, 0.430796000, 0.900993300)
(0.051245120, 0.430796000, 0.900993300)
(0.050530160, 0.426656000, 0.903001300)
(0.050530160, 0.426656000, 0.903001300)
(0.048566860, 0.426092100, 0.903375300)
(0.048566860, 0.426092100, 0.903375300)
(0.045278860, 0.427865700, 0.902707500)
(0.045278860, 0.427865700, 0.902707500)
(0.024583380, 0.433982100, 0.900586000)
(0.024583380, 0.433982100, 0.900586000)
(-0.006727973, 0.438161800, 0.898870900)
(-0.006727973, 0.438161800, 0.898870900)
(-0.027024390, 0.443029500, 0.896099600)
(-0.027024390, 0.443029500, 0.896099600)
(-0.101490200, 0.459700700, 0.882255600)
(-0.101490200, 0.459700700, 0.882255600)
(-0.124463600, 0.464948800, 0.876545200)
(-0.124463600, 0.464948800, 0.876545200)
(-0.162130000, 0.480740200, 0.861743900)
(-0.162130000, 0.480740200, 0.861743900)
(-0.180076600, 0.489754200, 0.853061100)
(-0.180076600, 0.489754200, 0.853061100)
(-0.224333200, 0.510057600, 0.830370900)
(-0.224333200, 0.510057600, 0.830370900)
(-0.269636400, 0.523821200, 0.808026900)
(-0.269636400, 0.523821200, 0.808026900)
(-0.269636400, 0.523821200, 0.808026900)
(-0.289440800, 0.531101600, 0.796338600)
(-0.289440800, 0.531101600, 0.796338600)
(-0.323890200, 0.557236100, 0.764580400)
(-0.323890200, 0.557236100, 0.764580400)
(-0.326728900, 0.565460000, 0.757300000)
(-0.326728900, 0.565460000, 0.757300000)
(-0.330411800, 0.582600500, 0.742566400)
(-0.330411800, 0.582600500, 0.742566400)
(-0.333785700, 0.593895200, 0.732035200)
(-0.333785700, 0.593895200, 0.732035200)
(-0.333236400, 0.603593600, 0.724312200)
(-0.333236400, 0.603593600, 0.724312200)
(-0.330060600, 0.609288500, 0.720990600)
(-0.330060600, 0.609288500, 0.720990600)
(-0.323189600, 0.615158800, 0.719116200)
(-0.323189600, 0.615158800, 0.719116200)
(-0.312143100, 0.619631800, 0.720154900)
(-0.312143100, 0.619631800, 0.720154900)
(-0.307371300, 0.624057900, 0.718383400)
(-0.307371300, 0.624057900, 0.718383400)
(-0.299512700, 0.629971400, 0.716539100)
(-0.299512700, 0.629971400, 0.716539100)
(-0.296174600, 0.632190700, 0.715971700)
(-0.296174600, 0.632190700, 0.715971700)
(-0.292678800, 0.633911400, 0.715887800)
(-0.292678800, 0.633911400, 0.715887800)
(-0.289536500, 0.629716800, 0.720850500)
(-0.289536500, 0.629716800, 0.720850500)
(-0.289333600, 0.627502400, 0.722860200)
(-0.289333600, 0.627502400, 0.722860200)
(-0.290527200, 0.624545300, 0.724939300)
(-0.290527200, 0.624545300, 0.724939300)
(-0.290355200, 0.616936500, 0.731493700)
(-0.290355200, 0.616936500, 0.731493700)
(-0.291798900, 0.611571700, 0.735413900)
(-0.291798900, 0.611571700, 0.735413900)
(-0.292325600, 0.610348200, 0.736220500)
(-0.292325600, 0.610348200, 0.736220500)
(-0.286270000, 0.608998700, 0.739709300)
(-0.286270000, 0.608998700, 0.739709300)
(-0.286270000, 0.608998700, 0.739709300)
(-0.271784200, 0.608622200, 0.745461200)
(-0.271784200, 0.608622200, 0.745461200)
(-0.247551400, 0.613249100, 0.750095900)
(-0.247551400, 0.613249100, 0.750095900)
(-0.247551400, 0.613249100, 0.750095900)
(-0.228573300, 0.617935500, 0.752269800)
(-0.183895400, 0.622114100, 0.761023300)
(-0.183895400, 0.622114100, 0.761023300)
(-0.119370900, 0.625736600, 0.770846500)
(-0.119370900, 0.625736600, 0.770846500)
(-0.074473370, 0.630309200, 0.772763900)
(-0.074473370, 0.630309200, 0.772763900)
(0.054659350, 0.634053100, 0.771355300)
(0.054659350, 0.634053100, 0.771355300)
(0.139782100, 0.629264100, 0.764518000)
(0.139782100, 0.629264100, 0.764518000)
(0.170988100, 0.623630300, 0.762789800)
(0.170988100, 0.623630300, 0.762789800)
(0.215368000, 0.606055800, 0.765710800)
(0.215368000, 0.606055800, 0.765710800)
(0.234770800, 0.601135700, 0.763883900)
(0.234770800, 0.601135700, 0.763883900)
(0.271332400, 0.605673000, 0.748023300)
(0.271332400, 0.605673000, 0.748023300)
(0.338054000, 0.590142100, 0.733111100)
(0.338054000, 0.590142100, 0.733111100)
(0.363433700, 0.586906000, 0.723503500)
(0.363433700, 0.586906000, 0.723503500)
(0.387701600, 0.583380000, 0.713691200)
(0.387701600, 0.583380000, 0.713691200)
(0.447338800, 0.577914800, 0.682570500)
(0.447338800, 0.577914800, 0.682570500)
(0.462692900, 0.579267000, 0.671092400)
(0.462692900, 0.579267000, 0.671092400)
(0.476722900, 0.581750300, 0.659015800)
(0.476722900, 0.581750300, 0.659015800)
(0.512591200, 0.596365700, 0.617736200)
(0.512591200, 0.596365700, 0.617736200)
(0.522862000, 0.602722500, 0.602777600)
(0.522862000, 0.602722500, 0.602777600)
(0.538428200, 0.609512900, 0.581884100)
(0.538428200, 0.609512900, 0.581884100)
(0.552033800, 0.613647300, 0.564531300)
(0.552033800, 0.613647300, 0.564531300)
(0.562817000, 0.617866500, 0.549070200)
(0.562817000, 0.617866500, 0.549070200)
(0.564626600, 0.621842400, 0.542686600)
(0.564626600, 0.621842400, 0.542686600)
(0.562915300, 0.629416800, 0.535687300)
(0.562915300, 0.629416800, 0.535687300)
(0.560615300, 0.632926000, 0.533961800)
(0.560615300, 0.632926000, 0.533961800)
(0.560615300, 0.632926000, 0.533961800)
(0.558703100, 0.633190600, 0.535649500)
(0.551137400, 0.635560800, 0.540657200)
(0.551137400, 0.635560800, 0.540657200)
(0.545399500, 0.637043200, 0.544715700)
(0.545399500, 0.637043200, 0.544715700)
(0.545399500, 0.637043200, 0.544715700)
(0.538781500, 0.639392100, 0.548536300)
(0.538781500, 0.639392100, 0.548536300)
(0.523567700, 0.640922200, 0.561333700)
(0.523567700, 0.640922200, 0.561333700)
(0.518679700, 0.638454000, 0.568636900)
(0.518679700, 0.638454000, 0.568636900)
(0.516453000, 0.632282100, 0.577490700)
(0.516453000, 0.632282100, 0.577490700)
(0.516669800, 0.628968700, 0.580905000)
(0.516669800, 0.628968700, 0.580905000)
(0.503443200, 0.622968500, 0.598711300)
(0.503443200, 0.622968500, 0.598711300)
(0.480691000, 0.619048500, 0.621059700)
(0.480691000, 0.619048500, 0.621059700)
(0.465988200, 0.615643700, 0.635482400)
(0.465988200, 0.615643700, 0.635482400)
(0.426373800, 0.605770900, 0.671749300)
(0.426373800, 0.605770900, 0.671749300)
(0.378286700, 0.592916100, 0.710879500)
(0.378286700, 0.592916100, 0.710879500)
(0.352904100, 0.585043400, 0.730193700)
(0.352904100, 0.585043400, 0.730193700)
(0.236383300, 0.582831100, 0.777451500)
(0.236383300, 0.582831100, 0.777451500)
(0.192179900, 0.588480200, 0.785339400)
(0.192179900, 0.588480200, 0.785339400)
(0.119021300, 0.595590400, 0.794421900)
(0.119021300, 0.595590400, 0.794421900)
(0.059912250, 0.588476200, 0.806291700)
(0.059912250, 0.588476200, 0.806291700)
(0.033926160, 0.580765900, 0.813363300)
(0.033926160, 0.580765900, 0.813363300)
(-0.014933930, 0.565223100, 0.824802800)
(-0.014933930, 0.565223100, 0.824802800)
(-0.054132380, 0.555480200, 0.829765900)
(-0.054132380, 0.555480200, 0.829765900)
(-0.081919740, 0.549654000, 0.831366100)
(-0.081919740, 0.549654000, 0.831366100)
(-0.089376780, 0.547591600, 0.831958600)
(-0.089376780, 0.547591600, 0.831958600)
(-0.089077990, 0.545739100, 0.833207000)
(-0.089077990, 0.545739100, 0.833207000)
(-0.081724060, 0.549800000, 0.831288800)
(-0.081724060, 0.549800000, 0.831288800)
(-0.077061620, 0.552988100, 0.829617800)
(-0.077061620, 0.552988100, 0.829617800)
(-0.061913130, 0.556758900, 0.828363500)
(-0.061913130, 0.556758900, 0.828363500)
(-0.055444340, 0.558814200, 0.827437400)
(-0.055444340, 0.558814200, 0.827437400)
(-0.047278400, 0.560722500, 0.826652900)
(-0.047278400, 0.560722500, 0.826652900)
(-0.047278400, 0.560722500, 0.826652900)
(-0.022712880, 0.561721000, 0.827014900)
(-0.022712880, 0.561721000, 0.827014900)
(-0.010095320, 0.563688300, 0.825925900)
(-0.010095320, 0.563688300, 0.825925900)
(-0.002461380, 0.565315700, 0.824870900)
(-0.002461380, 0.565315700, 0.824870900)
(-0.002461380, 0.565315700, 0.824870900)
(-0.002461380, 0.565315700, 0.824870900)
(0.004381421, 0.566632200, 0.823959200)
(0.004381421, 0.566632200, 0.823959200)
(0.008305998, 0.564857200, 0.825146700)
(0.008305998, 0.564857200, 0.825146700)
(0.008934051, 0.562770700, 0.826564800)
(0.008934051, 0.562770700, 0.826564800)
(0.009361168, 0.558153800, 0.829684700)
(0.009361168, 0.558153800, 0.829684700)
(0.007349276, 0.554468900, 0.832172000)
(0.007349276, 0.554468900, 0.832172000)
(0.006342253, 0.552855800, 0.833252800)
(0.006342253, 0.552855800, 0.833252800)
(0.005547249, 0.551645000, 0.834060500)
(0.005547249, 0.551645000, 0.834060500)
(0.005567042, 0.551295400, 0.834291500)
(0.005567042, 0.551295400, 0.834291500)
(0.006630816, 0.549821600, 0.835255700)
(0.006630816, 0.549821600, 0.835255700)
(0.010032480, 0.537598700, 0.843141200)
(0.010032480, 0.537598700, 0.843141200)
(0.012365000, 0.531894600, 0.846720300)
(0.012365000, 0.531894600, 0.846720300)
(0.013860270, 0.516585900, 0.856123100)
(0.013860270, 0.516585900, 0.856123100)
(0.011969060, 0.492886700, 0.870011100)
(0.011969060, 0.492886700, 0.870011100)
(0.018595870, 0.464650100, 0.885299000)
(0.018595870, 0.464650100, 0.885299000)
(0.016842990, 0.449525900, 0.893108500)
(0.016842990, 0.449525900, 0.893108500)
(0.010116280, 0.413247000, 0.910562800)
(0.010116280, 0.413247000, 0.910562800)
(0.013328510, 0.385366500, 0.922667300)
(0.013328510, 0.385366500, 0.922667300)
(0.007281128, 0.382117600, 0.924085000)
(0.007281128, 0.382117600, 0.924085000)
(0.026765800, 0.382295000, 0.923652600)
(0.026765800, 0.382295000, 0.923652600)
(0.032990060, 0.382780500, 0.923250100)
(0.032990060, 0.382780500, 0.923250100)
(0.032607460, 0.383414100, 0.923000700)
(0.032607460, 0.383414100, 0.923000700)
(0.029278910, 0.385389700, 0.922289100)
(0.029278910, 0.385389700, 0.922289100)
(0.025841040, 0.393501700, 0.918960600)
(0.025841040, 0.393501700, 0.918960600)
(0.025841040, 0.393501700, 0.918960600)
(0.025841040, 0.393501700, 0.918960600)
(0.005878199, 0.369339200, 0.929276000)
(0.005878199, 0.369339200, 0.929276000)
(0.023213450, 0.382706900, 0.923578100)
