(0.067943460, 0.082951260, 0.170350200)
(0.067943460, 0.082951260, 0.170350200)
(0.003209481, 0.022172430, 0.117616000)
(0.003209481, 0.022172430, 0.117616000)
(0.019986670, -0.005199592, 0.115024900)
(0.019986670, -0.005199592, 0.115024900)
(0.013874960, -0.026213220, 0.139373500)
(0.013874960, -0.026213220, 0.139373500)
(0.013874960, -0.026213220, 0.139373500)
(-0.021734710, -0.038469060, 0.136878000)
(0.032577380, 0.071332730, 0.104501600)
(0.032577380, 0.071332730, 0.104501600)
(0.011760840, 0.083332540, 0.086566220)
(0.011760840, 0.083332540, 0.086566220)
(0.019002030, 0.036973800, 0.020468700)
(0.019002030, 0.036973800, 0.020468700)
(0.014762810, -0.075596710, -0.044740660)
(0.014762810, -0.075596710, -0.044740660)
(0.009796291, -0.139703300, -0.109894200)
(0.009796291, -0.139703300, -0.109894200)
(0.009796291, -0.139703300, -0.109894200)
(-0.000278402, -0.170318200, -0.176762400)
(0.009504031, -0.153669000, -0.186633100)
(0.009504031, -0.153669000, -0.186633100)
(0.009504031, -0.153669000, -0.186633100)
(-0.013816590, 0.045201950, -0.125253700)
(-0.013816590, 0.045201950, -0.125253700)
(-0.016129420, 0.096178330, -0.125063000)
(-0.016129420, 0.096178330, -0.125063000)
(-0.009723185, 0.058017160, -0.127063900)
(-0.009723185, 0.058017160, -0.127063900)
(-0.025471910, -0.011506690, -0.128751800)
(-0.025471910, -0.011506690, -0.128751800)
(-0.022907630, -0.034559790, -0.158873000)
(-0.022907630, -0.034559790, -0.158873000)
(-0.001683157, -0.129218700, -0.178569700)
(-0.001683157, -0.129218700, -0.178569700)
(0.002788900, -0.057436060, -0.072427760)
(0.002788900, -0.057436060, -0.072427760)
(-0.009802922, 0.004620142, -0.030793880)
(-0.009802922, 0.004620142, -0.030793880)
(0.006496561, 0.046496080, 0.008785261)
(0.006496561, 0.046496080, 0.008785261)
(0.019831700, 0.009475039, 0.045757870)
(0.019831700, 0.009475039, 0.045757870)
(0.014081790, 0.046796330, 0.066182230)
(0.014081790, 0.046796330, 0.066182230)
(0.003239139, 0.035515230, 0.049732090)
(0.003239139, 0.035515230, 0.049732090)
(0.016791420, -0.030144430, 0.028993920)
(0.016791420, -0.030144430, 0.028993920)
(0.018454070, 0.021911980, 0.050974340)
(0.018454070, 0.021911980, 0.050974340)
(0.013657510, 0.046288160, 0.042584680)
(0.013657510, 0.046288160, 0.042584680)
(-0.001697331, 0.027585340, 0.029466640)
(-0.001697331, 0.027585340, 0.029466640)
(-0.002838922, 0.029464450, 0.020183370)
(-0.002838922, 0.029464450, 0.020183370)
(0.002950575, -0.008468817, -0.009170070)
(0.002950575, -0.008468817, -0.009170070)
(-0.051780620, 0.034321780, 0.018110440)
(-0.051780620, 0.034321780, 0.018110440)
(-0.149459200, 0.036480780, 0.039297800)
(-0.149459200, 0.036480780, 0.039297800)
(-0.169897900, 0.031549880, 0.065396760)
(-0.169897900, 0.031549880, 0.065396760)
(-0.148084100, 0.008950145, 0.085267280)
(-0.148084100, 0.008950145, 0.085267280)
(-0.158144700, -0.021147780, 0.073719020)
(-0.158144700, -0.021147780, 0.073719020)
(-0.106704400, -0.014587450, 0.135124000)
(-0.106704400, -0.014587450, 0.135124000)
(-0.091301750, 0.005594661, 0.139383500)
(-0.091301750, 0.005594661, 0.139383500)
(-0.091301750, 0.005594661, 0.139383500)
(-0.030686690, 0.030409510, 0.127708300)
(-0.030686690, 0.030409510, 0.127708300)
(0.077721200, 0.023178560, 0.079046930)
(0.077721200, 0.023178560, 0.079046930)
(0.069918750, 0.043588860, 0.071905840)
(0.069918750, 0.043588860, 0.071905840)
(0.095128760, -0.049627700, 0.039965160)
(0.095128760, -0.049627700, 0.039965160)
(0.097405160, -0.069024000, 0.017275130)
(0.097405160, -0.069024000, 0.017275130)
(0.133003800, -0.079572990, -0.013033190)
(0.133003800, -0.079572990, -0.013033190)
(0.133995000, 0.097207400, -0.047457900)
(0.133995000, 0.097207400, -0.047457900)
(0.137595100, 0.064838410, -0.015826680)
(0.137595100, 0.064838410, -0.015826680)
(0.176461000, 0.065046120, -0.009821679)
(0.176461000, 0.065046120, -0.009821679)
(0.080459800, -0.050976670, -0.022849520)
(0.080459800, -0.050976670, -0.022849520)
(0.057377510, -0.048272500, -0.045804360)
(0.057377510, -0.048272500, -0.045804360)
(0.037881050, -0.047636450, -0.023393520)
(0.037881050, -0.047636450, -0.023393520)
(-0.009382751, -0.007076181, -0.104934900)
(-0.009382751, -0.007076181, -0.104934900)
(0.007557898, -0.044678420, -0.094607290)
(0.007557898, -0.044678420, -0.094607290)
(0.036630640, -0.022815530, -0.055664540)
(0.036630640, -0.022815530, -0.055664540)
(0.016321910, -0.024651030, -0.026943160)
(0.016321910, -0.024651030, -0.026943160)
(0.003913880, 0.085252020, 0.024674180)
(0.003913880, 0.085252020, 0.024674180)
(-0.011932050, 0.058114210, 0.029621460)
(-0.011932050, 0.058114210, 0.029621460)
(0.062105820, -0.055310470, -0.023885060)
(0.062105820, -0.055310470, -0.023885060)
(0.021706490, 0.056924480, 0.006632343)
(0.021706490, 0.056924480, 0.006632343)
(0.032739440, 0.010803640, 0.012994580)
(0.032739440, 0.010803640, 0.012994580)
(0.032739440, 0.010803640, 0.012994580)
(0.053535450, -0.002097098, -0.000044150)
(-0.029605660, 0.008399091, 0.030575070)
(-0.029605660, 0.008399091, 0.030575070)
(-0.029605660, 0.008399091, 0.030575070)
(0.059112140, -0.049671510, -0.013859450)
(0.059112140, -0.049671510, -0.013859450)
(0.091864200, -0.013370540, 0.009505088)
(0.091864200, -0.013370540, 0.009505088)
(0.148475900, 0.117628200, 0.099524860)
(0.148475900, 0.117628200, 0.099524860)
(0.154788600, 0.068123190, 0.083150740)
(0.154788600, 0.068123190, 0.083150740)
(0.208526900, 0.020648510, 0.105753300)
(0.208526900, 0.020648510, 0.105753300)
(0.101626300, 0.057095640, 0.130264400)
(0.101626300, 0.057095640, 0.130264400)
(0.153242800, -0.042498220, 0.044460000)
(0.153242800, -0.042498220, 0.044460000)
(0.123565700, -0.060953800, 0.097525750)
(0.123565700, -0.060953800, 0.097525750)
(-0.028241880, 0.017745230, 0.082681070)
(-0.028241880, 0.017745230, 0.082681070)
(0.055083420, -0.126799300, 0.064335100)
(0.055083420, -0.126799300, 0.064335100)
(0.003530505, -0.223863800, 0.071549420)
(0.003530505, -0.223863800, 0.071549420)
(0.012761500, -0.020505510, 0.137331800)
(0.012761500, -0.020505510, 0.137331800)
(-0.017185570, 0.068840540, 0.077201850)
(-0.017185570, 0.068840540, 0.077201850)
(-0.068291570, -0.082811240, 0.060239130)
(-0.068291570, -0.082811240, 0.060239130)
(-0.071768230, 0.052303950, 0.120147200)
(-0.071768230, 0.052303950, 0.120147200)
(-0.153863300, 0.066507130, 0.121907500)
(-0.153863300, 0.066507130, 0.121907500)
(-0.115987600, -0.002493626, 0.063894610)
(-0.115987600, -0.002493626, 0.063894610)
(-0.004516427, 0.062311370, 0.088093110)
(-0.004516427, 0.062311370, 0.088093110)
(-0.087904200, -0.018586860, 0.052609070)
(-0.087904200, -0.018586860, 0.052609070)
(-0.105737200, -0.021584960, -0.004170371)
(-0.105737200, -0.021584960, -0.004170371)
(-0.082974810, -0.052159300, 0.001940189)
(-0.082974810, -0.052159300, 0.001940189)
(-0.085456720, -0.061188260, -0.014004110)
(-0.085456720, -0.061188260, -0.014004110)
(-0.085456720, -0.061188260, -0.014004110)
(-0.074626540, -0.037220490, -0.038615170)
(-0.058172950, 0.051705830, -0.007092616)
(-0.058172950, 0.051705830, -0.007092616)
(-0.023910440, 0.013821870, -0.000439317)
(-0.023910440, 0.013821870, -0.000439317)
(-0.023910440, 0.013821870, -0.000439317)
(-0.062605690, 0.012034450, -0.000242973)
(-0.062605690, 0.012034450, -0.000242973)
(-0.013351970, 0.017041300, 0.023885110)
(-0.013351970, 0.017041300, 0.023885110)
(0.014977220, 0.007923452, -0.008451021)
(0.014977220, 0.007923452, -0.008451021)
(0.003127341, -0.065839180, -0.040228220)
(0.003127341, -0.065839180, -0.040228220)
(-0.013883080, -0.027451280, -0.052636690)
(-0.013883080, -0.027451280, -0.052636690)
(0.048262630, 0.013710520, -0.012586580)
(0.048262630, 0.013710520, -0.012586580)
(0.055171060, -0.008043310, -0.054757800)
(0.055171060, -0.008043310, -0.054757800)
(0.000833656, -0.018725480, -0.053363030)
(0.000833656, -0.018725480, -0.053363030)
(-0.079175250, -0.021193390, -0.023009730)
(-0.079175250, -0.021193390, -0.023009730)
(-0.168021000, -0.001328696, -0.014565910)
(-0.168021000, -0.001328696, -0.014565910)
(-0.178399300, -0.013344820, -0.002827915)
(-0.178399300, -0.013344820, -0.002827915)
(-0.186224800, 0.031363170, 0.030298890)
(-0.186224800, 0.031363170, 0.030298890)
(-0.081166010, 0.067428550, 0.136406600)
(-0.081166010, 0.067428550, 0.136406600)
(-0.083477440, 0.047807220, 0.112816900)
(-0.083477440, 0.047807220, 0.112816900)
(0.070419040, -0.063721270, 0.167613100)
(0.070419040, -0.063721270, 0.167613100)
(0.066391890, -0.017522190, 0.161056800)
(0.066391890, -0.017522190, 0.161056800)
(0.089293190, 0.074798860, 0.154257200)
(0.089293190, 0.074798860, 0.154257200)
(0.123611100, 0.006145423, 0.068052440)
(0.123611100, 0.006145423, 0.068052440)
(0.082615650, 0.062411790, 0.066416440)
(0.082615650, 0.062411790, 0.066416440)
(0.137133500, 0.055355780, 0.066731430)
(0.137133500, 0.055355780, 0.066731430)
(0.078846480, -0.096598590, -0.009044378)
(0.078846480, -0.096598590, -0.009044378)
(0.175699300, -0.094534750, 0.011187230)
(0.175699300, -0.094534750, 0.011187230)
(0.152892900, -0.057138330, 0.031148930)
(0.152892900, -0.057138330, 0.031148930)
(0.149742400, 0.056654430, 0.029968970)
(0.149742400, 0.056654430, 0.029968970)
(0.129524400, 0.043292540, 0.041659850)
(0.129524400, 0.043292540, 0.041659850)
(0.114834600, 0.064167350, 0.007897487)
(0.114834600, 0.064167350, 0.007897487)
(0.038697420, 0.015290840, -0.021662320)
(0.038697420, 0.015290840, -0.021662320)
(-0.012165760, 0.057086450, 0.000621170)
(-0.012165760, 0.057086450, 0.000621170)
(-0.012165760, 0.057086450, 0.000621170)
(-0.025759000, -0.000647281, -0.002471794)
(-0.072461880, 0.034210920, -0.042261620)
(-0.072461880, 0.034210920, -0.042261620)
(-0.046188100, -0.027886710, -0.094542330)
(-0.046188100, -0.027886710, -0.094542330)
(-0.002495917, -0.082728040, -0.108906600)
(-0.002495917, -0.082728040, -0.108906600)
(-0.002495917, -0.082728040, -0.108906600)
(0.009802931, 0.003976702, -0.050751490)
(0.009802931, 0.003976702, -0.050751490)
(0.035262660, -0.014799250, -0.043790740)
(0.035262660, -0.014799250, -0.043790740)
(0.033320280, -0.003191476, -0.027550570)
(0.033320280, -0.003191476, -0.027550570)
(0.040608300, -0.000745258, -0.014655620)
(0.040608300, -0.000745258, -0.014655620)
(0.023954780, 0.023444480, -0.004365547)
(0.023954780, 0.023444480, -0.004365547)
(0.032552590, -0.023933490, -0.021566380)
(0.032552590, -0.023933490, -0.021566380)
(0.032552590, -0.023933490, -0.021566380)
(0.032552590, -0.023933490, -0.021566380)
(0.004468563, 0.013413380, -0.023624870)
(0.004468563, 0.013413380, -0.023624870)
(0.023661510, -0.007303547, -0.041941240)
(0.023661510, -0.007303547, -0.041941240)
(0.003616327, -0.025302930, -0.069327900)
(0.003616327, -0.025302930, -0.069327900)
(-0.000232327, -0.085367690, -0.144290800)
(-0.000232327, -0.085367690, -0.144290800)
(0.010495650, -0.094294060, -0.131301100)
(0.010495650, -0.094294060, -0.131301100)
(0.002041143, -0.071715380, -0.116385500)
(0.002041143, -0.071715380, -0.116385500)
(0.014086090, -0.017476480, -0.066655230)
(0.014086090, -0.017476480, -0.066655230)
(0.011717650, -0.036475620, -0.055172420)
(0.011717650, -0.036475620, -0.055172420)
(-0.020635670, -0.018844320, -0.057145770)
(-0.020635670, -0.018844320, -0.057145770)
(0.011602290, -0.055229020, -0.018262630)
(0.011602290, -0.055229020, -0.018262630)
(-0.004794628, -0.031561020, -0.018255830)
(-0.004794628, -0.031561020, -0.018255830)
(-0.003224474, 0.022289320, 0.021316990)
(-0.003224474, 0.022289320, 0.021316990)
(0.035001640, 0.049998550, 0.115534400)
(0.035001640, 0.049998550, 0.115534400)
(0.002588257, -0.022169220, 0.078815970)
(0.002588257, -0.022169220, 0.078815970)
(-0.009416968, 0.039329700, 0.089118200)
(-0.009416968, 0.039329700, 0.089118200)
(-0.006665106, 0.037568930, 0.074502450)
(-0.006665106, 0.037568930, 0.074502450)
(0.006066367, 0.024641890, 0.082085330)
(0.006066367, 0.024641890, 0.082085330)
(0.017786740, 0.050562370, 0.117840500)
(0.017786740, 0.050562370, 0.117840500)
(0.022028790, 0.056056180, 0.067879880)
(0.022028790, 0.056056180, 0.067879880)
(0.016135100, 0.017681090, 0.070152160)
(0.016135100, 0.017681090, 0.070152160)
(0.016135100, 0.017681090, 0.070152160)
(0.009424617, 0.052779810, 0.063431080)
(0.017909990, 0.026772300, 0.062909350)
