(0.002934640, 0.000163036, -0.001712241)
(0.001133659, -0.000721967, -0.002503059)
(0.001133659, -0.000721967, -0.002503059)
(-0.000061353, -0.000604638, 0.000494894)
(-0.000061353, -0.000604638, 0.000494894)
(0.006264046, -0.009064168, -0.017739930)
(0.006264046, -0.009064168, -0.017739930)
(0.006264046, -0.009064168, -0.017739930)
(-0.024967550, 0.018532790, -0.068073300)
(-0.024967550, 0.018532790, -0.068073300)
(-0.024967550, 0.018532790, -0.068073300)
(-0.027494210, 0.015988740, -0.038089600)
(-0.005780274, 0.027547260, 0.003465082)
(-0.005780274, 0.027547260, 0.003465082)
(0.057077780, -0.062833990, -0.113088000)
(0.057077780, -0.062833990, -0.113088000)
(0.037976230, -0.163233600, -0.193782900)
(0.037976230, -0.163233600, -0.193782900)
(0.078037250, -0.014562600, -0.051956100)
(0.078037250, -0.014562600, -0.051956100)
(0.074504080, 0.040568540, 0.022526460)
(0.009322251, 0.033846630, 0.007888200)
(0.009322251, 0.033846630, 0.007888200)
(-0.001308252, -0.094164090, 0.025252360)
(-0.001308252, -0.094164090, 0.025252360)
(-0.018477800, -0.078746970, 0.040206580)
(-0.018477800, -0.078746970, 0.040206580)
(-0.058937080, 0.016111170, 0.001287122)
(-0.058937080, 0.016111170, 0.001287122)
(0.002023514, 0.034945720, 0.028508360)
(0.002023514, 0.034945720, 0.028508360)
(0.017011910, 0.096898110, 0.053984200)
(0.047703050, 0.082170960, 0.136536900)
(0.047703050, 0.082170960, 0.136536900)
(0.012504620, 0.087528190, 0.045922410)
(0.012504620, 0.087528190, 0.045922410)
(-0.059839040, 0.108527200, 0.115403000)
(-0.059839040, 0.108527200, 0.115403000)
(-0.174390900, 0.035601760, 0.128597000)
(-0.174390900, 0.035601760, 0.128597000)
(-0.038004160, 0.077552420, 0.007918006)
(-0.038004160, 0.077552420, 0.007918006)
(0.051954190, -0.012466720, 0.029026400)
(0.051954190, -0.012466720, 0.029026400)
(0.054962170, -0.022891430, 0.031950150)
(0.054962170, -0.022891430, 0.031950150)
(0.026626610, -0.018365430, 0.064632240)
(0.048406620, 0.030241320, 0.002994160)
(0.048406620, 0.030241320, 0.002994160)
(0.048406620, 0.030241320, 0.002994160)
(0.053742270, 0.031165270, -0.015249460)
(-0.008010057, -0.043618030, 0.005910668)
(-0.008010057, -0.043618030, 0.005910668)
(0.004335747, 0.049634990, 0.013125570)
(0.004335747, 0.049634990, 0.013125570)
(-0.018425910, 0.018968460, -0.019965250)
(-0.018425910, 0.018968460, -0.019965250)
(0.032768890, 0.005455159, 0.015985090)
(0.032768890, 0.005455159, 0.015985090)
(0.001093587, -0.010677700, -0.006715733)
(-0.009523219, -0.026330640, 0.010343800)
(-0.009523219, -0.026330640, 0.010343800)
(-0.026247260, -0.000844256, -0.014636360)
(-0.026247260, -0.000844256, -0.014636360)
(-0.051723100, -0.010325810, 0.041733030)
(-0.051723100, -0.010325810, 0.041733030)
(-0.087004770, -0.018878550, 0.038074770)
(-0.087004770, -0.018878550, 0.038074770)
(-0.140044200, 0.007702748, 0.027177430)
(-0.124927500, 0.015205560, 0.025383360)
(-0.124927500, 0.015205560, 0.025383360)
(-0.024416790, -0.034692540, -0.040983300)
(-0.016536680, -0.047966700, -0.119207300)
(-0.016536680, -0.047966700, -0.119207300)
(0.013879240, -0.016634420, -0.029820040)
(0.105761800, -0.008912559, -0.045137770)
(0.105761800, -0.008912559, -0.045137770)
(0.076927610, -0.005731780, 0.018432090)
(0.076927610, -0.005731780, 0.018432090)
(0.116779500, 0.028912280, 0.006921557)
(0.116779500, 0.028912280, 0.006921557)
(0.069120910, 0.011215040, -0.027620100)
(0.069120910, 0.011215040, -0.027620100)
(0.054447440, 0.107305800, -0.003245205)
(0.054447440, 0.107305800, -0.003245205)
(0.047852590, 0.140694400, -0.011268920)
(0.041634950, -0.086919130, 0.007942999)
(0.041634950, -0.086919130, 0.007942999)
(0.033358300, -0.009055999, 0.004198184)
(0.033358300, -0.009055999, 0.004198184)
(-0.006826206, 0.045549180, -0.016530220)
(-0.006826206, 0.045549180, -0.016530220)
(-0.024518430, 0.032029700, 0.022684540)
(-0.024518430, 0.032029700, 0.022684540)
(-0.005530575, -0.034240530, 0.029520950)
(-0.005530575, -0.034240530, 0.029520950)
(-0.043935160, -0.019293800, 0.037896560)
(-0.043935160, -0.019293800, 0.037896560)
(-0.053518530, 0.047247220, 0.049877380)
(-0.053518530, 0.047247220, 0.049877380)
(-0.029079980, -0.012122020, -0.028120980)
(-0.029079980, -0.012122020, -0.028120980)
(-0.043686400, 0.021029530, 0.009467162)
(0.006601613, 0.004025910, 0.023505940)
(0.006601613, 0.004025910, 0.023505940)
(0.018238370, -0.013031830, 0.019783880)
(0.018238370, -0.013031830, 0.019783880)
(0.014701230, 0.071663350, 0.007815070)
(0.014701230, 0.071663350, 0.007815070)
(0.018222860, -0.022736520, 0.011508490)
(0.018222860, -0.022736520, 0.011508490)
(0.031491340, -0.042703710, 0.024887980)
(0.031491340, -0.042703710, 0.024887980)
(0.017297690, 0.056796750, -0.002635851)
(0.017297690, 0.056796750, -0.002635851)
(-0.004583722, 0.003306957, -0.008031056)
(0.001834384, -0.023207050, -0.001849992)
(0.001834384, -0.023207050, -0.001849992)
(-0.013836020, 0.017251500, -0.001432021)
(-0.013836020, 0.017251500, -0.001432021)
(-0.029404450, 0.026591560, 0.001792810)
(-0.029404450, 0.026591560, 0.001792810)
(0.004303600, -0.018396060, 0.001931194)
(0.004303600, -0.018396060, 0.001931194)
(0.014942500, 0.032593690, 0.004903619)
(0.014942500, 0.032593690, 0.004903619)
(-0.015408100, -0.026569970, 0.008391360)
(0.071391250, -0.019497440, -0.001642611)
(0.071391250, -0.019497440, -0.001642611)
(0.071391250, -0.019497440, -0.001642611)
(0.033051630, -0.015539410, -0.001561604)
(0.033898830, -0.022125900, -0.017038680)
(0.033898830, -0.022125900, -0.017038680)
(0.048198060, 0.018034540, -0.022763740)
(0.048198060, 0.018034540, -0.022763740)
(0.064435510, -0.002292907, -0.010736340)
(0.064435510, -0.002292907, -0.010736340)
(0.048811350, 0.057741610, 0.014141810)
(0.048811350, 0.057741610, 0.014141810)
(-0.061170390, -0.035467260, 0.014411530)
(-0.061170390, -0.035467260, 0.014411530)
(-0.042169780, -0.055189630, 0.028273900)
(-0.020331630, 0.016318800, -0.003434643)
(-0.020331630, 0.016318800, -0.003434643)
(-0.020331630, 0.016318800, -0.003434643)
(0.030445780, -0.056977040, -0.032704070)
(0.055168960, -0.031554010, -0.055675920)
(0.055168960, -0.031554010, -0.055675920)
(0.014866000, -0.002516285, -0.048765450)
(0.014866000, -0.002516285, -0.048765450)
(-0.040699070, -0.025234860, -0.054464600)
(-0.040699070, -0.025234860, -0.054464600)
(-0.058429430, -0.022044110, -0.021078390)
(-0.058429430, -0.022044110, -0.021078390)
(0.002216907, 0.050516250, -0.019000060)
(0.002216907, 0.050516250, -0.019000060)
(-0.003442788, 0.030739420, -0.036048800)
(-0.050166380, 0.007703478, 0.003576528)
(-0.050166380, 0.007703478, 0.003576528)
(-0.059593470, -0.006199785, -0.028161330)
(-0.059593470, -0.006199785, -0.028161330)
(-0.042381600, -0.025916760, -0.011137930)
(-0.042381600, -0.025916760, -0.011137930)
(-0.010410000, -0.057214430, -0.022421970)
(-0.010410000, -0.057214430, -0.022421970)
(0.025196300, -0.017072030, -0.010805000)
(0.025196300, -0.017072030, -0.010805000)
(-0.048938070, 0.027087330, -0.013800670)
(-0.048938070, 0.027087330, -0.013800670)
(0.029019450, 0.002926330, 0.020758210)
(0.029019450, 0.002926330, 0.020758210)
(0.003742214, 0.003328011, 0.007163607)
(0.018592550, 0.006172020, 0.019848790)
(0.018592550, 0.006172020, 0.019848790)
(0.018592550, 0.006172020, 0.019848790)
(0.048571170, -0.002201640, 0.010082300)
(0.043844030, 0.003983801, -0.003842063)
(0.043844030, 0.003983801, -0.003842063)
(0.040053420, -0.002644214, -0.021533410)
(0.040053420, -0.002644214, -0.021533410)
(0.025402420, -0.028428180, -0.008845555)
(0.025402420, -0.028428180, -0.008845555)
(0.006509859, -0.019163440, 0.018394550)
(0.006509859, -0.019163440, 0.018394550)
(-0.010110500, -0.008324356, 0.027636830)
(-0.010110500, -0.008324356, 0.027636830)
(0.022642360, 0.024367120, 0.001009966)
(-0.019685930, -0.007318571, 0.015107920)
(-0.019685930, -0.007318571, 0.015107920)
(0.004508404, 0.004246856, 0.027794560)
(0.004508404, 0.004246856, 0.027794560)
(0.022724190, 0.014781560, 0.012613610)
(0.022724190, 0.014781560, 0.012613610)
(-0.054141060, -0.004274183, 0.027240880)
(-0.054141060, -0.004274183, 0.027240880)
(-0.052149570, 0.005962403, 0.020933450)
(-0.052149570, 0.005962403, 0.020933450)
(-0.001387871, 0.005812885, 0.002414807)
(-0.001387871, 0.005812885, 0.002414807)
(-0.029970170, -0.030101760, -0.040953250)
(-0.023530350, -0.034034120, -0.042372770)
(-0.023530350, -0.034034120, -0.042372770)
(-0.044164450, -0.064417860, -0.018549810)
(-0.044164450, -0.064417860, -0.018549810)
(-0.022269880, -0.063753310, -0.012024780)
(-0.022269880, -0.063753310, -0.012024780)
(0.014079930, -0.035037520, -0.065248060)
(0.014079930, -0.035037520, -0.065248060)
(-0.015685570, -0.001870949, -0.015620560)
(-0.015685570, -0.001870949, -0.015620560)
(0.039374050, -0.011374870, -0.041525940)
(0.039374050, -0.011374870, -0.041525940)
(0.104906800, 0.010338020, -0.012932050)
(0.104906800, 0.010338020, -0.012932050)
(0.074904450, 0.029053000, 0.043616130)
(0.069400620, 0.025490470, 0.003583530)
(0.069400620, 0.025490470, 0.003583530)
(0.082398280, 0.065013360, -0.031696870)
(0.082398280, 0.065013360, -0.031696870)
(0.019612700, 0.083551880, -0.038272620)
(0.019612700, 0.083551880, -0.038272620)
(0.079474720, -0.031987110, 0.024418030)
(0.079474720, -0.031987110, 0.024418030)
(0.032220840, 0.015520100, 0.003878871)
(0.032220840, 0.015520100, 0.003878871)
(0.018128120, 0.031088200, 0.014810490)
(-0.011111720, 0.003540254, 0.046505510)
(-0.011111720, 0.003540254, 0.046505510)
(-0.011111720, 0.003540254, 0.046505510)
(-0.020064450, 0.020652010, 0.032837780)
(-0.025777820, 0.032566950, 0.020547130)
(-0.025777820, 0.032566950, 0.020547130)
(-0.004314912, -0.014908320, 0.010046470)
(-0.004314912, -0.014908320, 0.010046470)
(0.010666390, 0.007098937, 0.002844301)
(0.010666390, 0.007098937, 0.002844301)
(-0.020867200, 0.020435390, -0.005575211)
(-0.020867200, 0.020435390, -0.005575211)
(-0.003323891, 0.009425054, 0.017951440)
(-0.003323891, 0.009425054, 0.017951440)
(0.016019700, 0.008476354, 0.024842270)
(-0.001265570, -0.004722252, -0.001566320)
(-0.001265570, -0.004722252, -0.001566320)
(-0.001265570, -0.004722252, -0.001566320)
(0.005745851, -0.004953021, 0.010550740)
(0.022968100, -0.004874055, 0.016587690)
(0.022968100, -0.004874055, 0.016587690)
(-0.002401672, 0.012094110, -0.000939510)
(-0.002401672, 0.012094110, -0.000939510)
(0.010207540, -0.016796530, 0.022470540)
(-0.003232775, 0.023150110, -0.017658240)
(-0.003232775, 0.023150110, -0.017658240)
(-0.004394126, 0.008465559, -0.013921250)
(-0.004394126, 0.008465559, -0.013921250)
(0.019135700, -0.004534369, -0.005676106)
(0.019135700, -0.004534369, -0.005676106)
(0.016860810, 0.030486620, 0.041895430)
(0.016860810, 0.030486620, 0.041895430)
(0.013789000, 0.066988210, 0.039060220)
(0.013789000, 0.066988210, 0.039060220)
(0.026231640, 0.088654560, 0.049509980)
(0.026231640, 0.088654560, 0.049509980)
(-0.007434272, 0.045948960, 0.055149910)
(-0.007434272, 0.045948960, 0.055149910)
(0.000671556, 0.056003550, 0.046632130)
(0.000671556, 0.056003550, 0.046632130)
(0.018674620, 0.100261000, 0.038978490)
(-0.061861480, 0.039441820, 0.069870730)
(-0.061861480, 0.039441820, 0.069870730)
(-0.147209000, 0.059943930, -0.009718791)
(-0.147209000, 0.059943930, -0.009718791)
(0.124137100, -0.136766300, -0.020454310)
(0.124137100, -0.136766300, -0.020454310)
(-0.008629273, -0.317178200, -0.314153000)
(-0.008629273, -0.317178200, -0.314153000)
(0.083624080, -0.046887160, 0.011261820)
(0.083624080, -0.046887160, 0.011261820)
(-0.019133530, 0.026446220, 0.077273090)
(-0.019133530, 0.026446220, 0.077273090)
(0.001567615, -0.031498830, -0.080472390)
(-0.011033400, 0.009928846, -0.072068140)
(-0.011033400, 0.009928846, -0.072068140)
(-0.037249950, 0.038310450, -0.044096880)
(-0.037249950, 0.038310450, -0.044096880)
(0.031962580, 0.027281680, 0.004666529)
(0.031962580, 0.027281680, 0.004666529)
(0.039618510, 0.002827429, -0.008385184)
(0.039618510, 0.002827429, -0.008385184)
(-0.001898345, -0.005846289, -0.006162977)
(-0.001898345, -0.005846289, -0.006162977)
(0.018296830, 0.014251800, -0.020922850)
(0.022156710, 0.033022160, -0.018685660)
(0.022156710, 0.033022160, -0.018685660)
(-0.033647680, -0.004017011, 0.003114942)
(-0.033647680, -0.004017011, 0.003114942)
(-0.034366630, -0.020226260, 0.005481367)
(-0.034366630, -0.020226260, 0.005481367)
(0.023789720, 0.028712340, -0.021358220)
(0.023789720, 0.028712340, -0.021358220)
