(-0.012184270, -0.011575250, -0.005332578)
(-0.010280080, -0.016076850, -0.038558230)
(-0.010280080, -0.016076850, -0.038558230)
(0.035137950, -0.019111020, -0.040671230)
(0.035137950, -0.019111020, -0.040671230)
(0.035137950, -0.019111020, -0.040671230)
(0.084170050, 0.161753100, -0.088301410)
(0.084170050, 0.161753100, -0.088301410)
(0.021340660, 0.098258550, -0.056427300)
(-0.049416180, -0.309278300, -0.201337000)
(-0.049416180, -0.309278300, -0.201337000)
(-0.038432220, -0.262445700, -0.070227970)
(-0.038432220, -0.262445700, -0.070227970)
(0.041231970, -0.140744600, 0.044758600)
(0.017782100, 0.064864030, 0.023374460)
(0.017782100, 0.064864030, 0.023374460)
(0.013336170, -0.043679100, 0.010225500)
(0.013336170, -0.043679100, 0.010225500)
(0.048063590, 0.024718330, 0.003947188)
(0.048063590, 0.024718330, 0.003947188)
(0.048063590, 0.024718330, 0.003947188)
(0.059502150, 0.087789690, -0.006640220)
(-0.031739990, 0.104833100, 0.060370700)
(-0.031739990, 0.104833100, 0.060370700)
(0.012777920, 0.057555620, 0.081081450)
(0.012777920, 0.057555620, 0.081081450)
(0.050745830, 0.025536230, 0.074978430)
(0.050745830, 0.025536230, 0.074978430)
(0.010645350, 0.048504540, 0.069576170)
(-0.029213590, -0.002148299, 0.060430360)
(-0.029213590, -0.002148299, 0.060430360)
(-0.010759020, 0.048251450, 0.064591690)
(-0.033102460, 0.060791880, 0.069471970)
(-0.033102460, 0.060791880, 0.069471970)
(0.009524536, 0.019457760, 0.045719800)
(0.014244420, 0.018343350, 0.008674544)
(0.014244420, 0.018343350, 0.008674544)
(-0.003759742, 0.025905770, 0.053928330)
(-0.003759742, 0.025905770, 0.053928330)
(-0.015252800, 0.024292280, 0.065638360)
(-0.015252800, 0.024292280, 0.065638360)
(0.026728670, 0.013161700, 0.005113139)
(-0.010751630, 0.021669760, -0.018153910)
(-0.010751630, 0.021669760, -0.018153910)
(0.019042190, -0.003817264, -0.000493484)
(-0.012920050, -0.047714740, 0.011800090)
(-0.012920050, -0.047714740, 0.011800090)
(-0.018775740, -0.020945600, -0.027144070)
(-0.018775740, -0.020945600, -0.027144070)
(-0.021478190, -0.020929260, -0.020105620)
(0.035318520, 0.021836440, 0.005466780)
(0.035318520, 0.021836440, 0.005466780)
(0.035318520, 0.021836440, 0.005466780)
(0.032497750, 0.029042150, -0.015948670)
(0.024138960, 0.006105260, -0.011980380)
(0.024138960, 0.006105260, -0.011980380)
(0.011948270, 0.023552470, 0.023761850)
(0.011948270, 0.023552470, 0.023761850)
(0.012824350, 0.022767200, 0.013086770)
(0.013967540, -0.003857087, 0.002148883)
(-0.007556650, -0.025544010, 0.002556642)
(-0.007556650, -0.025544010, 0.002556642)
(-0.007556650, -0.025544010, 0.002556642)
(-0.020002500, 0.001684330, 0.005008598)
(-0.023163680, 0.029588590, 0.014480140)
(-0.023163680, 0.029588590, 0.014480140)
(-0.044754310, 0.000729552, 0.012712710)
(-0.044754310, 0.000729552, 0.012712710)
(-0.068469150, -0.008617509, -0.006221325)
(-0.098783660, 0.001703440, -0.011131410)
(-0.141186300, -0.051210110, -0.025838570)
(-0.141186300, -0.051210110, -0.025838570)
(-0.088428860, -0.084113240, -0.070382300)
(-0.088428860, -0.084113240, -0.070382300)
(-0.040176890, -0.083377610, -0.154617600)
(0.094703690, -0.005855285, -0.016958930)
(0.094703690, -0.005855285, -0.016958930)
(0.141764400, 0.004891512, -0.002438973)
(0.141764400, 0.004891512, -0.002438973)
(0.118488100, 0.004555569, 0.005308899)
(0.118488100, 0.004555569, 0.005308899)
(0.009962275, 0.127706100, -0.013751510)
(0.132925700, -0.010981840, -0.032832340)
(0.132925700, -0.010981840, -0.032832340)
(0.075949450, 0.008548852, -0.052339930)
(0.077017420, -0.003399975, 0.024647430)
(0.070880310, -0.034028050, 0.020282420)
(0.070880310, -0.034028050, 0.020282420)
(0.062086880, -0.060682670, 0.026481860)
(0.062086880, -0.060682670, 0.026481860)
(0.041665010, -0.038368020, 0.000719974)
(-0.051719350, 0.106669900, -0.005222737)
(-0.051719350, 0.106669900, -0.005222737)
(0.017051170, -0.063488020, 0.042122700)
(0.017051170, -0.063488020, 0.042122700)
(-0.005106332, -0.128176600, -0.023262970)
(-0.032253180, 0.090270680, 0.061117220)
(-0.032253180, 0.090270680, 0.061117220)
(-0.033262900, -0.001880868, 0.010474160)
(-0.011814040, 0.013104660, -0.029364290)
(-0.011814040, 0.013104660, -0.029364290)
(-0.004824021, 0.032737280, 0.058460660)
(-0.004824021, 0.032737280, 0.058460660)
(-0.021069690, -0.009723799, 0.009966141)
(0.025630410, 0.013192380, 0.042781990)
(0.025630410, 0.013192380, 0.042781990)
(0.011183150, -0.013051370, 0.046233410)
(0.011183150, -0.013051370, 0.046233410)
(-0.018217660, 0.018334550, 0.000235874)
(0.005746708, 0.012672200, 0.020525200)
(0.005746708, 0.012672200, 0.020525200)
(-0.002979184, -0.000056452, -0.005593980)
(-0.002979184, -0.000056452, -0.005593980)
(-0.012289100, 0.031810070, -0.009432396)
(-0.016964430, 0.039391010, 0.039147070)
(-0.016964430, 0.039391010, 0.039147070)
(0.005655295, 0.025086990, -0.006370552)
(0.005655295, 0.025086990, -0.006370552)
(0.006206714, 0.011693550, 0.021730680)
(0.013185550, -0.026852330, -0.020006970)
(0.013185550, -0.026852330, -0.020006970)
(0.013185550, -0.026852330, -0.020006970)
(0.013185550, -0.026852330, -0.020006970)
(-0.012153820, 0.016965740, 0.003927154)
(-0.012153820, 0.016965740, 0.003927154)
(0.011397700, -0.064631120, -0.012546850)
(-0.005195727, -0.064154170, -0.035958510)
(-0.005195727, -0.064154170, -0.035958510)
(0.036493200, -0.007966727, 0.024803370)
(0.036493200, -0.007966727, 0.024803370)
(0.046003660, -0.029397890, 0.001924435)
(0.001018208, -0.015301640, -0.017716350)
(0.001018208, -0.015301640, -0.017716350)
(0.091621570, -0.018302070, 0.042011060)
(0.091621570, -0.018302070, 0.042011060)
(0.073904760, 0.039396560, 0.026896870)
(0.043332280, 0.104943700, 0.009330967)
(0.043332280, 0.104943700, 0.009330967)
(0.003797535, -0.031358840, -0.010443680)
(0.003797535, -0.031358840, -0.010443680)
(0.033916720, 0.002658072, -0.022419730)
(0.028420750, 0.001741658, -0.057858260)
(0.028420750, 0.001741658, -0.057858260)
(0.020670390, -0.128752800, -0.095745380)
(0.020670390, -0.128752800, -0.095745380)
(-0.040565030, -0.082361230, -0.048122980)
(-0.012975050, -0.054908830, -0.049558160)
(-0.012975050, -0.054908830, -0.049558160)
(-0.024882880, 0.058545210, -0.000109258)
(-0.007183251, 0.035752970, 0.010354060)
(-0.007183251, 0.035752970, 0.010354060)
(0.005806442, 0.016453050, 0.014131410)
(0.005806442, 0.016453050, 0.014131410)
(-0.085460560, -0.009460161, 0.035882610)
(-0.081217740, 0.042685670, 0.078647240)
(-0.081217740, 0.042685670, 0.078647240)
(-0.070006300, 0.089701290, 0.043213140)
(0.010010390, -0.044833090, -0.007920681)
(0.010010390, -0.044833090, -0.007920681)
(0.031082290, -0.028594770, 0.001596613)
(0.031082290, -0.028594770, 0.001596613)
(0.034400060, -0.067456270, 0.022630130)
(-0.007730075, -0.002981031, 0.011817100)
(-0.007730075, -0.002981031, 0.011817100)
(0.001770954, 0.006951656, -0.019116320)
(0.001770954, 0.006951656, -0.019116320)
(0.007197231, -0.029814930, -0.021382150)
(0.043341170, -0.014994630, 0.007039179)
(0.043341170, -0.014994630, 0.007039179)
(0.008461840, 0.009281516, -0.021272350)
(0.066932320, -0.004200810, 0.013454270)
(0.066932320, -0.004200810, 0.013454270)
(0.054373220, 0.054036080, -0.019213960)
(0.010141210, 0.025672670, -0.009860918)
(0.010141210, 0.025672670, -0.009860918)
(0.010141210, 0.025672670, -0.009860918)
(0.026294230, 0.002541861, 0.029818580)
(0.013098710, -0.002937659, 0.014377830)
(0.005284976, 0.023976230, 0.009699779)
(0.005284976, 0.023976230, 0.009699779)
(0.009885157, 0.021352580, -0.003088587)
(0.009885157, 0.021352580, -0.003088587)
(-0.035104530, -0.024489070, 0.003743210)
(0.048304590, 0.061376490, 0.011936180)
(0.048304590, 0.061376490, 0.011936180)
(0.019120990, -0.010437350, 0.030108910)
(0.019120990, -0.010437350, 0.030108910)
(0.041771050, -0.027929160, 0.016386820)
(0.046666530, 0.042344520, -0.002420544)
(0.046666530, 0.042344520, -0.002420544)
(0.013636490, -0.036621540, 0.002186761)
(0.013636490, -0.036621540, 0.002186761)
(0.001434063, -0.017293850, 0.005343908)
(-0.063063640, -0.012544910, 0.017031770)
(-0.063063640, -0.012544910, 0.017031770)
(-0.061891390, -0.000108140, -0.000939316)
(-0.061891390, -0.000108140, -0.000939316)
(-0.029773240, 0.015674580, -0.005861120)
(-0.058410530, 0.017614140, 0.010840490)
(-0.058410530, 0.017614140, 0.010840490)
(-0.018696720, 0.066192630, 0.036830870)
(-0.018696720, 0.066192630, 0.036830870)
(-0.099197920, -0.051339500, -0.037901670)
(-0.011404670, -0.126014400, -0.058532820)
(-0.011404670, -0.126014400, -0.058532820)
(0.047355460, -0.065817250, -0.072994810)
(0.047355460, -0.065817250, -0.072994810)
(0.088963260, -0.011546850, -0.025413410)
(0.231895600, 0.035123050, -0.051724840)
(0.231895600, 0.035123050, -0.051724840)
(0.148998200, 0.042811700, 0.002590776)
(0.109388500, -0.012101890, -0.029376350)
(0.109388500, -0.012101890, -0.029376350)
(0.084029670, -0.018536780, -0.012628250)
(0.084029670, -0.018536780, -0.012628250)
(-0.002402842, 0.090618630, 0.085833940)
(-0.025325520, 0.003745107, 0.029226440)
(-0.016896510, 0.045913170, 0.015700890)
(-0.016896510, 0.045913170, 0.015700890)
(-0.016896510, 0.045913170, 0.015700890)
(-0.093474450, -0.013233860, 0.039631900)
(-0.058980100, -0.060132300, 0.009474115)
(-0.058980100, -0.060132300, 0.009474115)
(0.003759908, -0.016138790, -0.005480735)
(-0.057157310, 0.016635730, -0.015362710)
(-0.057157310, 0.016635730, -0.015362710)
(-0.037809440, 0.013103300, 0.014920860)
(0.021262590, 0.015702780, -0.001568897)
(0.021262590, 0.015702780, -0.001568897)
(0.009556429, 0.040133500, -0.017778920)
(0.009556429, 0.040133500, -0.017778920)
(0.017779330, 0.009489237, 0.023908690)
(0.017779330, 0.009489237, 0.023908690)
(0.033149970, -0.044133690, -0.003060823)
(-0.001150418, -0.009608901, -0.020924060)
(-0.001150418, -0.009608901, -0.020924060)
(-0.008406631, 0.004319549, 0.007615955)
(-0.008406631, 0.004319549, 0.007615955)
(-0.000192806, -0.007783318, 0.008599518)
(-0.010419860, 0.039007030, 0.033729590)
(-0.010419860, 0.039007030, 0.033729590)
(-0.009515614, -0.014829940, 0.032119610)
(-0.009515614, -0.014829940, 0.032119610)
(0.015122790, 0.009207317, -0.005631226)
(0.005556598, 0.077038080, 0.007680624)
(0.005556598, 0.077038080, 0.007680624)
(0.005351214, -0.028554460, -0.005074921)
(0.005351214, -0.028554460, -0.005074921)
(0.028844370, 0.009928360, 0.001509819)
(0.031226500, -0.004902403, 0.021220130)
(0.031226500, -0.004902403, 0.021220130)
(0.013695270, -0.008383531, -0.005018468)
(0.013695270, -0.008383531, -0.005018468)
(0.002053048, 0.031642120, -0.005035243)
(-0.000185901, -0.010843850, 0.000684040)
(-0.000185901, -0.010843850, 0.000684040)
(0.010009330, 0.006983115, -0.029393410)
(-0.008922222, 0.013715620, 0.010474840)
(-0.008922222, 0.013715620, 0.010474840)
(0.005315176, 0.036321540, 0.073242170)
(0.005315176, 0.036321540, 0.073242170)
(-0.002596190, 0.173882000, 0.067256170)
(-0.002596190, 0.173882000, 0.067256170)
(-0.000389477, 0.130316800, 0.052923810)
(0.034912590, -0.073682890, 0.003708444)
(0.034912590, -0.073682890, 0.003708444)
(0.021192870, -0.158334900, -0.048907280)
(0.021192870, -0.158334900, -0.048907280)
(-0.016321150, -0.117085200, -0.052660610)
(0.013798060, 0.099369950, 0.013065380)
(0.013798060, 0.099369950, 0.013065380)
(0.013798060, 0.099369950, 0.013065380)
(0.027564940, 0.032809920, 0.095974110)
(-0.003198393, 0.002623160, 0.047283880)
(-0.003198393, 0.002623160, 0.047283880)
(-0.214251900, -0.258361000, -0.135147500)
(-0.214251900, -0.258361000, -0.135147500)
(-0.018964500, -0.260368600, -0.132120100)
(-0.018964500, -0.260368600, -0.132120100)
(0.035950610, 0.186055700, -0.100803500)
(0.035950610, 0.186055700, -0.100803500)
(0.010011240, -0.023020580, -0.046265110)
(0.010011240, -0.023020580, -0.046265110)
(0.011281190, 0.029588730, -0.000646114)
(-0.003049773, -0.005489585, -0.017470450)
(-0.003049773, -0.005489585, -0.017470450)
(0.008044486, -0.019345680, -0.008114447)
(0.008044486, -0.019345680, -0.008114447)
(0.003606626, -0.004846680, 0.002638136)
(0.003606626, -0.004846680, 0.002638136)
(0.005107520, 0.003985746, -0.015116960)
(0.005107520, 0.003985746, -0.015116960)
(0.005776891, 0.004796355, -0.015602810)
(0.005776891, 0.004796355, -0.015602810)
(-0.011839420, -0.009905701, -0.001566661)
(-0.011839420, -0.009905701, -0.001566661)
(-0.001164128, 0.004061356, 0.004960314)
(-0.001164128, 0.004061356, 0.004960314)
(0.015273540, -0.003212578, -0.010765710)
(0.032326190, -0.003203583, -0.010055800)
(0.032326190, -0.003203583, -0.010055800)
(-0.021021360, 0.008190883, 0.007791292)
(-0.021021360, 0.008190883, 0.007791292)
