(-0.001254228, -0.485518900, -0.874225300)
(-0.001254228, -0.485518900, -0.874225300)
(-0.005592481, -0.513141200, -0.858286000)
(-0.005592481, -0.513141200, -0.858286000)
(-0.008924089, -0.526963900, -0.849840800)
(0.004251147, -0.566490300, -0.824057400)
(0.004251147, -0.566490300, -0.824057400)
(0.010932410, -0.581595600, -0.813404700)
(0.010932410, -0.581595600, -0.813404700)
(0.012352970, -0.600277500, -0.799696300)
(0.003795883, -0.648544100, -0.761167600)
(0.003795883, -0.648544100, -0.761167600)
(0.003066145, -0.663746100, -0.747951700)
(0.003066145, -0.663746100, -0.747951700)
(0.000997083, -0.695023700, -0.718986200)
(0.000997083, -0.695023700, -0.718986200)
(-0.006191226, -0.719143200, -0.694834500)
(-0.010851800, -0.728272200, -0.685202000)
(-0.010851800, -0.728272200, -0.685202000)
(-0.027510300, -0.740031500, -0.672009300)
(-0.027510300, -0.740031500, -0.672009300)
(-0.030609850, -0.752093900, -0.658344800)
(-0.024706190, -0.761735100, -0.647417300)
(-0.024706190, -0.761735100, -0.647417300)
(-0.021790910, -0.765024100, -0.643632800)
(-0.021790910, -0.765024100, -0.643632800)
(-0.021458490, -0.769662600, -0.638090100)
(-0.021458490, -0.769662600, -0.638090100)
(-0.014653570, -0.772325600, -0.635057800)
(-0.014653570, -0.772325600, -0.635057800)
(-0.003683022, -0.768742600, -0.639547500)
(-0.004105092, -0.767017100, -0.641613400)
(-0.004105092, -0.767017100, -0.641613400)
(-0.007304099, -0.759539700, -0.650420000)
(-0.007304099, -0.759539700, -0.650420000)
(-0.007304099, -0.759539700, -0.650420000)
(-0.012617860, -0.749553900, -0.661823000)
(-0.012617860, -0.749553900, -0.661823000)
(-0.009462951, -0.743074600, -0.669141600)
(-0.009462951, -0.743074600, -0.669141600)
(-0.008660081, -0.741117100, -0.671320000)
(-0.011429640, -0.740651100, -0.671792400)
(-0.011429640, -0.740651100, -0.671792400)
(-0.011429640, -0.740651100, -0.671792400)
(-0.010054420, -0.739166600, -0.673447500)
(-0.008788199, -0.737959700, -0.674787500)
(-0.008788199, -0.737959700, -0.674787500)
(-0.010783320, -0.735179500, -0.677786600)
(-0.010783320, -0.735179500, -0.677786600)
(-0.012110060, -0.733749900, -0.679311800)
(-0.013693820, -0.731695700, -0.681493800)
(-0.013693820, -0.731695700, -0.681493800)
(-0.013955170, -0.731182200, -0.682039500)
(-0.013955170, -0.731182200, -0.682039500)
(-0.012349850, -0.730892200, -0.682381200)
(-0.010617460, -0.730946400, -0.682352400)
(-0.010617460, -0.730946400, -0.682352400)
(-0.006087763, -0.731156500, -0.682182500)
(-0.006087763, -0.731156500, -0.682182500)
(-0.003457705, -0.730644000, -0.682749900)
(-0.002270601, -0.729884300, -0.683566900)
(-0.002270601, -0.729884300, -0.683566900)
(-0.006550727, -0.726520300, -0.687113800)
(-0.006550727, -0.726520300, -0.687113800)
(-0.006550727, -0.726520300, -0.687113800)
(-0.031572660, -0.719626200, -0.693643500)
(-0.031572660, -0.719626200, -0.693643500)
(-0.031572660, -0.719626200, -0.693643500)
(-0.048045520, -0.715587500, -0.696868800)
(-0.100477100, -0.703578200, -0.703478600)
(-0.206787900, -0.691293700, -0.692352400)
(-0.206787900, -0.691293700, -0.692352400)
(-0.206787900, -0.691293700, -0.692352400)
(-0.298088700, -0.679222700, -0.670671000)
(-0.298088700, -0.679222700, -0.670671000)
(-0.298088700, -0.679222700, -0.670671000)
(-0.323465100, -0.676953000, -0.661139200)
(-0.381031600, -0.671159200, -0.635893200)
(-0.381031600, -0.671159200, -0.635893200)
(-0.381031600, -0.671159200, -0.635893200)
(-0.396564100, -0.670946500, -0.626552200)
(-0.423019700, -0.669644300, -0.610435000)
(-0.423019700, -0.669644300, -0.610435000)
(-0.423019700, -0.669644300, -0.610435000)
(-0.432249700, -0.668905700, -0.604752200)
(-0.432249700, -0.668905700, -0.604752200)
(-0.438755500, -0.673138000, -0.595297200)
(-0.438755500, -0.673138000, -0.595297200)
(-0.438781400, -0.674772700, -0.593424600)
(-0.438781400, -0.674772700, -0.593424600)
(-0.438803300, -0.672486500, -0.595997800)
(-0.438803300, -0.672486500, -0.595997800)
(-0.434914000, -0.673586100, -0.597604800)
(-0.434914000, -0.673586100, -0.597604800)
(-0.431932200, -0.673209800, -0.600185900)
(-0.429468400, -0.672829800, -0.602376000)
(-0.429468400, -0.672829800, -0.602376000)
(-0.416025200, -0.681467200, -0.602100800)
(-0.416025200, -0.681467200, -0.602100800)
(-0.408969600, -0.685085400, -0.602828100)
(-0.395965600, -0.692634300, -0.602883900)
(-0.395965600, -0.692634300, -0.602883900)
(-0.393261800, -0.692607600, -0.604681600)
(-0.393261800, -0.692607600, -0.604681600)
(-0.390258400, -0.692460100, -0.606792600)
(-0.391835200, -0.689805200, -0.608797300)
(-0.391835200, -0.689805200, -0.608797300)
(-0.394478400, -0.687931700, -0.609210000)
(-0.394478400, -0.687931700, -0.609210000)
(-0.396101700, -0.687958900, -0.608124900)
(-0.401135400, -0.685885500, -0.607166700)
(-0.401135400, -0.685885500, -0.607166700)
(-0.401135400, -0.685885500, -0.607166700)
(-0.400905000, -0.685441300, -0.607820300)
(-0.398985900, -0.685067800, -0.609501700)
(-0.398985900, -0.685067800, -0.609501700)
(-0.396092600, -0.685197200, -0.611241000)
(-0.388840800, -0.686459500, -0.614472300)
(-0.388840800, -0.686459500, -0.614472300)
(-0.382711100, -0.687754300, -0.616868000)
(-0.382711100, -0.687754300, -0.616868000)
(-0.380592700, -0.688169800, -0.617714700)
(-0.376860500, -0.687752400, -0.620461900)
(-0.376860500, -0.687752400, -0.620461900)
(-0.375816000, -0.687864400, -0.620971000)
(-0.375816000, -0.687864400, -0.620971000)
(-0.374966500, -0.688465600, -0.620818300)
(-0.374966500, -0.688465600, -0.620818300)
(-0.367881800, -0.689233900, -0.624195300)
(-0.367881800, -0.689233900, -0.624195300)
(-0.357046100, -0.694149200, -0.625040000)
(-0.357046100, -0.694149200, -0.625040000)
(-0.357046100, -0.694149200, -0.625040000)
(-0.313721400, -0.708618300, -0.632011800)
(-0.313721400, -0.708618300, -0.632011800)
(-0.290748400, -0.716024600, -0.634644900)
(-0.235571100, -0.731258400, -0.640130900)
(-0.235571100, -0.731258400, -0.640130900)
(-0.169119900, -0.739558000, -0.651500000)
(-0.169119900, -0.739558000, -0.651500000)
(-0.132684100, -0.740858600, -0.658424900)
(-0.132684100, -0.740858600, -0.658424900)
(-0.037474790, -0.739115300, -0.672535700)
(-0.037474790, -0.739115300, -0.672535700)
(-0.009795377, -0.736410600, -0.676463900)
(0.080717520, -0.719322500, -0.689970900)
(0.080717520, -0.719322500, -0.689970900)
(0.080717520, -0.719322500, -0.689970900)
(0.080717520, -0.719322500, -0.689970900)
(0.166159200, -0.702761100, -0.691750000)
(0.166159200, -0.702761100, -0.691750000)
(0.216507700, -0.695123400, -0.685512700)
(0.216507700, -0.695123400, -0.685512700)
(0.216507700, -0.695123400, -0.685512700)
(0.264329600, -0.685693500, -0.678199400)
(0.273352700, -0.684101000, -0.676228000)
(0.273352700, -0.684101000, -0.676228000)
(0.283960900, -0.683508100, -0.672445400)
(0.283960900, -0.683508100, -0.672445400)
(0.283960900, -0.683508100, -0.672445400)
(0.286042400, -0.682196600, -0.672895000)
(0.286042400, -0.682196600, -0.672895000)
(0.286042400, -0.682196600, -0.672895000)
(0.286394600, -0.680256500, -0.674706600)
(0.288484500, -0.677655800, -0.676431300)
(0.288484500, -0.677655800, -0.676431300)
(0.287942800, -0.679568600, -0.674741000)
(0.287942800, -0.679568600, -0.674741000)
(0.287494200, -0.680325400, -0.674169400)
(0.287494200, -0.680325400, -0.674169400)
(0.289955700, -0.681366100, -0.672060800)
(0.289955700, -0.681366100, -0.672060800)
(0.290514600, -0.683869200, -0.669271300)
(0.290514600, -0.683869200, -0.669271300)
(0.292493600, -0.684452800, -0.667811200)
(0.296184700, -0.681954100, -0.668739900)
(0.296184700, -0.681954100, -0.668739900)
(0.296184700, -0.681954100, -0.668739900)
(0.297916300, -0.682220600, -0.667698300)
(0.301366400, -0.680292500, -0.668117000)
(0.301366400, -0.680292500, -0.668117000)
(0.302683900, -0.680858600, -0.666943700)
(0.302683900, -0.680858600, -0.666943700)
(0.301095700, -0.683014900, -0.665456200)
(0.301095700, -0.683014900, -0.665456200)
(0.295066100, -0.683457500, -0.667698900)
(0.295066100, -0.683457500, -0.667698900)
(0.290929400, -0.685012800, -0.667920400)
(0.290929400, -0.685012800, -0.667920400)
(0.287519600, -0.686200900, -0.668177200)
(0.278875100, -0.687079400, -0.670932600)
(0.278875100, -0.687079400, -0.670932600)
(0.278875100, -0.687079400, -0.670932600)
(0.267093800, -0.691750600, -0.670926200)
(0.259384800, -0.694005500, -0.671621700)
(0.259384800, -0.694005500, -0.671621700)
(0.229763900, -0.699047000, -0.677157100)
(0.229763900, -0.699047000, -0.677157100)
(0.229763900, -0.699047000, -0.677157100)
(0.229763900, -0.699047000, -0.677157100)
(0.182273100, -0.706876900, -0.683448300)
(0.182273100, -0.706876900, -0.683448300)
(0.145153900, -0.712058500, -0.686952000)
(0.145153900, -0.712058500, -0.686952000)
(0.127201400, -0.715913600, -0.686503800)
(0.096585580, -0.728238700, -0.678483300)
(0.096585580, -0.728238700, -0.678483300)
(0.070883130, -0.736295000, -0.672937900)
(0.070883130, -0.736295000, -0.672937900)
(0.057742090, -0.731467700, -0.679426900)
(0.057742090, -0.731467700, -0.679426900)
(0.040245980, -0.714201100, -0.698782600)
(0.040245980, -0.714201100, -0.698782600)
(0.035573440, -0.713162000, -0.700096100)
(0.035573440, -0.713162000, -0.700096100)
(0.029954050, -0.714033800, -0.699470200)
(0.029954050, -0.714033800, -0.699470200)
(0.025471130, -0.716798200, -0.696815300)
(0.025471130, -0.716798200, -0.696815300)
(0.023078260, -0.718389600, -0.695258100)
(0.017853560, -0.721517800, -0.692165700)
(0.017853560, -0.721517800, -0.692165700)
(0.017853560, -0.721517800, -0.692165700)
(0.014819830, -0.723941300, -0.689702400)
(0.008538084, -0.729306200, -0.684134200)
(0.008538084, -0.729306200, -0.684134200)
(0.007027364, -0.729611500, -0.683825800)
(0.007027364, -0.729611500, -0.683825800)
(0.006197005, -0.731293300, -0.682035000)
(0.006197005, -0.731293300, -0.682035000)
(0.005695032, -0.731510800, -0.681806100)
(0.005695032, -0.731510800, -0.681806100)
(0.004806389, -0.731809700, -0.681492100)
(0.004806389, -0.731809700, -0.681492100)
(0.006690509, -0.732396900, -0.680845000)
(0.006690509, -0.732396900, -0.680845000)
(0.009412186, -0.729383600, -0.684040200)
(0.009412186, -0.729383600, -0.684040200)
(0.009632600, -0.728924200, -0.684526700)
(0.009632600, -0.728924200, -0.684526700)
(0.010579530, -0.729005200, -0.684426400)
(0.011571630, -0.728995400, -0.684420700)
(0.011571630, -0.728995400, -0.684420700)
(0.011448380, -0.728609000, -0.684834100)
(0.011448380, -0.728609000, -0.684834100)
(0.012523750, -0.728604000, -0.684820600)
(0.012523750, -0.728604000, -0.684820600)
(0.013634040, -0.727977200, -0.685465800)
(0.013634040, -0.727977200, -0.685465800)
(0.013946230, -0.727444500, -0.686024700)
(0.013946230, -0.727444500, -0.686024700)
(0.014146900, -0.726632700, -0.686880400)
(0.014146900, -0.726632700, -0.686880400)
(0.014275550, -0.725129100, -0.688465000)
(0.014275550, -0.725129100, -0.688465000)
(0.014771350, -0.725191700, -0.688388600)
(0.014653160, -0.723697800, -0.689961300)
(0.014653160, -0.723697800, -0.689961300)
(0.013866950, -0.722267300, -0.691474700)
(0.013866950, -0.722267300, -0.691474700)
(0.012436050, -0.721450600, -0.692354300)
(0.012436050, -0.721450600, -0.692354300)
(0.009799304, -0.720268300, -0.693626400)
(0.009799304, -0.720268300, -0.693626400)
(0.008557204, -0.719010700, -0.694946500)
(0.008557204, -0.719010700, -0.694946500)
(0.007525879, -0.708902900, -0.705265900)
(0.007525879, -0.708902900, -0.705265900)
(0.008365946, -0.701203200, -0.712912400)
(0.009031909, -0.692537800, -0.721325000)
(0.009031909, -0.692537800, -0.721325000)
(0.014839190, -0.663070400, -0.748409900)
(0.014839190, -0.663070400, -0.748409900)
(0.021212020, -0.651288300, -0.758533900)
(0.021212020, -0.651288300, -0.758533900)
(0.031080280, -0.623571000, -0.781148600)
(0.031080280, -0.623571000, -0.781148600)
(0.030843870, -0.600163000, -0.799282800)
(0.030843870, -0.600163000, -0.799282800)
(0.032842730, -0.595389900, -0.802765400)
(0.032842730, -0.595389900, -0.802765400)
(0.031829850, -0.582947300, -0.811886200)
(0.031829850, -0.582947300, -0.811886200)
(0.026884750, -0.578618800, -0.815154900)
(0.020125080, -0.542294000, -0.839947800)
(0.020125080, -0.542294000, -0.839947800)
(0.017222680, -0.502517300, -0.864395600)
(0.017222680, -0.502517300, -0.864395600)
(0.019007810, -0.501247500, -0.865095000)
(0.019007810, -0.501247500, -0.865095000)
(0.019630440, -0.469627400, -0.882646500)
(0.019630440, -0.469627400, -0.882646500)
(0.019600250, -0.450670600, -0.892475100)
(0.019600250, -0.450670600, -0.892475100)
(0.019042180, -0.443761900, -0.895942400)
(0.019042180, -0.443761900, -0.895942400)
(0.018265240, -0.431287100, -0.902029800)
(0.018265240, -0.431287100, -0.902029800)
(0.017848970, -0.423420600, -0.905757300)
(0.017848970, -0.423420600, -0.905757300)
(0.016413110, -0.414342600, -0.909972900)
(0.014604880, -0.410841300, -0.911589900)
