(-0.027844840, -0.151508500, -0.042856780)
(-0.015218900, -0.157496200, -0.011951740)
(-0.015218900, -0.157496200, -0.011951740)
(0.001632856, -0.151384900, -0.042785390)
(0.001632856, -0.151384900, -0.042785390)
(0.014158940, -0.138838000, -0.073200590)
(-0.029026740, -0.092862230, -0.081301420)
(-0.007328120, -0.128861300, -0.119576200)
(-0.007328120, -0.128861300, -0.119576200)
(0.006311765, -0.102432600, -0.079617190)
(0.006311765, -0.102432600, -0.079617190)
(0.011827860, -0.081148280, -0.065109000)
(0.014246530, -0.082599100, -0.064784090)
(0.020947700, -0.036804420, -0.089788620)
(0.020947700, -0.036804420, -0.089788620)
(0.022680890, -0.034763530, -0.084209030)
(0.022680890, -0.034763530, -0.084209030)
(-0.010744520, 0.007099715, -0.037732600)
(0.002139273, 0.106181400, -0.053832150)
(0.002139273, 0.106181400, -0.053832150)
(0.015892900, 0.122714700, -0.014684360)
(0.004784338, 0.140973800, -0.026911510)
(0.004784338, 0.140973800, -0.026911510)
(-0.004605530, 0.153488000, -0.027519060)
(-0.004605530, 0.153488000, -0.027519060)
(0.002042081, 0.123436800, -0.029689000)
(-0.001085965, 0.052861860, -0.074393040)
(-0.001085965, 0.052861860, -0.074393040)
(-0.015980560, 0.033316920, -0.042885610)
(-0.007526608, 0.068416630, -0.105238600)
(-0.007526608, 0.068416630, -0.105238600)
(-0.033709500, 0.081214240, -0.059139590)
(-0.033709500, 0.081214240, -0.059139590)
(-0.011358410, 0.005737712, -0.097336840)
(-0.037778810, 0.024130170, -0.113048900)
(-0.037778810, 0.024130170, -0.113048900)
(-0.095671990, 0.026366380, -0.102456500)
(-0.052590640, 0.253312700, 0.037126460)
(-0.052590640, 0.253312700, 0.037126460)
(-0.055989080, 0.228926900, 0.042705850)
(-0.055989080, 0.228926900, 0.042705850)
(-0.162376900, 0.209933200, -0.130239000)
(0.020454480, 0.037580410, -0.159510700)
(0.020454480, 0.037580410, -0.159510700)
(0.125518200, -0.090136860, -0.072788340)
(-0.072998140, -0.006027414, -0.035099760)
(-0.072998140, -0.006027414, -0.035099760)
(0.087625560, -0.239545800, 0.188756300)
(0.132862300, -0.305476400, 0.106507900)
(0.132862300, -0.305476400, 0.106507900)
(0.113589100, -0.147691100, -0.024129950)
(0.083383620, 0.073550690, 0.015696270)
(0.083383620, 0.073550690, 0.015696270)
(-0.024801070, 0.111441800, -0.033162870)
(-0.089076960, 0.101836400, -0.028124590)
(-0.089076960, 0.101836400, -0.028124590)
(-0.081087400, 0.166637900, -0.029403020)
(-0.081087400, 0.166637900, -0.029403020)
(-0.029716630, 0.174585900, -0.006985534)
(-0.077169970, 0.013587060, -0.010904700)
(-0.077169970, 0.013587060, -0.010904700)
(-0.017217680, 0.005767762, -0.025691970)
(-0.005370545, -0.025316300, -0.104419200)
(-0.005370545, -0.025316300, -0.104419200)
(-0.030753840, 0.001526011, -0.062141160)
(0.006705029, 0.065200310, 0.005114045)
(0.006705029, 0.065200310, 0.005114045)
(-0.012157580, 0.039850950, 0.027898860)
(0.002561350, 0.114273100, 0.023265920)
(0.002561350, 0.114273100, 0.023265920)
(0.002561350, 0.114273100, 0.023265920)
(-0.009269269, 0.117883200, -0.005033587)
(-0.092519620, 0.095328240, -0.037756940)
(-0.031312930, 0.078121710, 0.013089830)
(-0.031312930, 0.078121710, 0.013089830)
(-0.049287770, 0.044827990, -0.019620130)
(-0.049287770, 0.044827990, -0.019620130)
(-0.027490530, 0.012756760, -0.062112080)
(0.005396394, -0.032148730, -0.004266723)
(0.005396394, -0.032148730, -0.004266723)
(0.060451890, -0.081310270, 0.043410010)
(0.008505975, -0.072899510, 0.067186040)
(0.008505975, -0.072899510, 0.067186040)
(0.053481780, -0.044293900, 0.053055190)
(0.075358040, -0.102250400, 0.110012200)
(0.075358040, -0.102250400, 0.110012200)
(0.093008770, -0.174983700, 0.061778530)
(0.093008770, -0.174983700, 0.061778530)
(-0.115165600, 0.164110200, -0.038915840)
(-0.080195560, 0.182551600, 0.199126800)
(-0.080195560, 0.182551600, 0.199126800)
(0.007687602, 0.204462400, 0.179938300)
(0.057036280, 0.052879120, -0.449995400)
(0.057036280, 0.052879120, -0.449995400)
(0.194341400, 0.322889600, -0.039601530)
(0.024703310, 0.343497000, -0.514198200)
(0.024703310, 0.343497000, -0.514198200)
(-0.089671890, 0.417372200, 0.025872070)
(-0.089671890, 0.417372200, 0.025872070)
(-0.184271200, 0.574466900, 0.420746200)
(-0.299563900, 0.141590300, -0.171402400)
(-0.053711720, 0.145281000, -0.255711400)
(-0.053711720, 0.145281000, -0.255711400)
(0.063785610, 0.264945100, 0.183108200)
(0.113495300, 0.305754500, 0.182104300)
(0.113495300, 0.305754500, 0.182104300)
(-0.124299600, -0.043139280, -0.119179700)
(-0.124299600, -0.043139280, -0.119179700)
(0.187266300, 0.030482200, 0.176042500)
(0.187266300, 0.030482200, 0.176042500)
(0.048215630, -0.137471800, 0.183296900)
(-0.157415100, -0.082433580, 0.174710800)
(-0.422212900, 0.270867900, -0.044636240)
(-0.422212900, 0.270867900, -0.044636240)
(-0.304926200, -0.069604470, -0.040992300)
(0.889743900, -0.958981800, 0.340274600)
(-0.179043900, -0.188482800, -0.071616560)
(-0.179043900, -0.188482800, -0.071616560)
(-0.421601800, -0.441972200, -0.245184300)
(0.126961300, -0.012696370, 0.001034175)
(0.437687400, 0.021122110, 0.776180300)
(0.437687400, 0.021122110, 0.776180300)
(0.138314200, 0.186025600, 0.306828100)
(-0.022976180, 0.088558820, -0.055069910)
(0.013610460, 0.025126280, 0.029020140)
(0.013610460, 0.025126280, 0.029020140)
(0.056500970, 0.175098700, -0.289438700)
(0.033538740, 0.139132100, -0.218656800)
(0.033538740, 0.139132100, -0.218656800)
(0.049975870, 0.026476570, 0.037207170)
(0.041304170, 0.250785700, -0.128777500)
(0.041304170, 0.250785700, -0.128777500)
(-0.032550780, 0.180237500, -0.056869540)
(0.124407900, -0.084139450, 0.120152000)
(0.124407900, -0.084139450, 0.120152000)
(-0.244118700, 0.360251000, -0.584653100)
(-0.326025300, 0.356171800, -0.661275900)
(-0.326025300, 0.356171800, -0.661275900)
(-0.117837700, 0.105975800, -0.363794600)
(-0.249988200, -0.072098630, -0.520810500)
(0.156506000, 0.072304580, 0.189645400)
(0.156506000, 0.072304580, 0.189645400)
(0.136020800, 0.038119670, -0.054876300)
(0.136020800, 0.038119670, -0.054876300)
(-0.162933600, -0.362122500, -0.375615600)
(-0.229294000, 0.016211860, -0.475267800)
(0.015858700, -0.158707400, -0.096616280)
(0.015858700, -0.158707400, -0.096616280)
(0.140300100, -0.108542900, -0.023835320)
(0.140300100, -0.108542900, -0.023835320)
(0.193477600, -0.176084800, 0.042029590)
(0.088945870, -0.159734800, -0.026832010)
(0.088945870, -0.159734800, -0.026832010)
(-0.001536796, -0.209045300, -0.036788030)
(0.044463250, -0.260584400, 0.078029040)
(0.044463250, -0.260584400, 0.078029040)
(0.045272700, -0.192320600, 0.121747700)
(0.045272700, -0.192320600, 0.121747700)
(0.011584040, -0.056532680, 0.231063900)
(-0.025926270, -0.008371279, 0.166029000)
(-0.025926270, -0.008371279, 0.166029000)
(0.047470740, -0.118628000, 0.007357665)
(0.014089390, -0.083421660, -0.074766380)
(0.014089390, -0.083421660, -0.074766380)
(0.032675040, -0.063196450, -0.021670190)
(0.032675040, -0.063196450, -0.021670190)
(0.052490980, -0.060838640, -0.007900988)
(0.040607440, -0.061668820, 0.032150480)
(0.040607440, -0.061668820, 0.032150480)
(-0.011962110, -0.013678660, 0.010954080)
(-0.007534543, 0.019751210, 0.037541310)
(-0.007534543, 0.019751210, 0.037541310)
(0.020138560, -0.037130340, -0.027437370)
(0.020138560, -0.037130340, -0.027437370)
(-0.015526060, -0.038525340, 0.015835430)
(-0.025395890, -0.009605606, 0.037857660)
(-0.025395890, -0.009605606, 0.037857660)
(0.032526790, 0.012666150, -0.030785510)
(-0.019531790, -0.007262198, 0.030182290)
(-0.019531790, -0.007262198, 0.030182290)
(-0.067281800, -0.037548550, 0.039626590)
(-0.055326120, -0.064024720, 0.017350350)
(-0.055326120, -0.064024720, 0.017350350)
(0.015080530, -0.011297720, -0.014506730)
(0.016943840, 0.010523760, 0.012696370)
(0.016943840, 0.010523760, 0.012696370)
(0.017097720, 0.010355370, 0.006268296)
(0.024068170, -0.000550975, -0.000400758)
(0.024068170, -0.000550975, -0.000400758)
(0.052203070, -0.005747905, 0.056469120)
(0.003711015, -0.007446349, -0.022027480)
(0.003711015, -0.007446349, -0.022027480)
(-0.012080670, -0.031604740, -0.044160870)
(0.004217320, 0.035931790, -0.092752440)
(0.004217320, 0.035931790, -0.092752440)
(-0.008058725, 0.017444650, 0.093410610)
(-0.010804780, 0.002086535, 0.011592710)
(-0.010804780, 0.002086535, 0.011592710)
(-0.002878988, -0.021445350, -0.015893680)
(0.018866590, 0.035552060, -0.002093063)
(0.018866590, 0.035552060, -0.002093063)
(0.049212560, 0.009302528, 0.010773490)
(0.049212560, 0.009302528, 0.010773490)
(-0.006730409, -0.024767320, -0.017134660)
(-0.027574030, -0.029864740, -0.002402505)
(-0.027574030, -0.029864740, -0.002402505)
(0.009263306, -0.035158710, 0.007053960)
(0.039468530, -0.047351630, -0.016257480)
