(0.009807025, 0.166928200, 0.985920300)
(0.009807025, 0.166928200, 0.985920300)
(0.010432290, 0.173584500, 0.984763600)
(0.010432290, 0.173584500, 0.984763600)
(0.013340020, 0.217677500, 0.975929600)
(0.013340020, 0.217677500, 0.975929600)
(0.013051880, 0.248279300, 0.968600600)
(0.013051880, 0.248279300, 0.968600600)
(0.011962200, 0.265452400, 0.964049800)
(0.011962200, 0.265452400, 0.964049800)
(0.012112130, 0.302272500, 0.953144600)
(0.012112130, 0.302272500, 0.953144600)
(0.011503350, 0.318884700, 0.947723700)
(0.011503350, 0.318884700, 0.947723700)
(0.003735187, 0.351594400, 0.936145000)
(0.003735187, 0.351594400, 0.936145000)
(-0.006141103, 0.386557700, 0.922244700)
(-0.006141103, 0.386557700, 0.922244700)
(-0.005054004, 0.413647400, 0.910423100)
(-0.005054004, 0.413647400, 0.910423100)
(-0.000462376, 0.425962700, 0.904740600)
(-0.000462376, 0.425962700, 0.904740600)
(-0.000842800, 0.465391500, 0.885104500)
(-0.000842800, 0.465391500, 0.885104500)
(-0.000769403, 0.474640800, 0.880179200)
(-0.000769403, 0.474640800, 0.880179200)
(0.000211138, 0.482883000, 0.875684900)
(0.000211138, 0.482883000, 0.875684900)
(-0.000187482, 0.504336000, 0.863507400)
(-0.000187482, 0.504336000, 0.863507400)
(0.000904925, 0.508897500, 0.860826700)
(0.000904925, 0.508897500, 0.860826700)
(-0.000146642, 0.516194300, 0.856471400)
(-0.000146642, 0.516194300, 0.856471400)
(0.000312498, 0.520292700, 0.853988000)
(0.000312498, 0.520292700, 0.853988000)
(-0.003229787, 0.521924300, 0.852985700)
(-0.003229787, 0.521924300, 0.852985700)
(-0.005727201, 0.521429300, 0.853275200)
(-0.005727201, 0.521429300, 0.853275200)
(-0.006660335, 0.517864100, 0.855437000)
(-0.006660335, 0.517864100, 0.855437000)
(-0.007420060, 0.511371200, 0.859328000)
(-0.007420060, 0.511371200, 0.859328000)
(-0.006783018, 0.506672800, 0.862111700)
(-0.006783018, 0.506672800, 0.862111700)
(-0.008232747, 0.500601200, 0.865638900)
(-0.008232747, 0.500601200, 0.865638900)
(-0.011541500, 0.496954400, 0.867699900)
(-0.011541500, 0.496954400, 0.867699900)
(-0.010488300, 0.493398500, 0.869740200)
(-0.010488300, 0.493398500, 0.869740200)
(-0.010112670, 0.492756700, 0.870108400)
(-0.010112670, 0.492756700, 0.870108400)
(-0.009954398, 0.492159900, 0.870447900)
(-0.009954398, 0.492159900, 0.870447900)
(-0.009954398, 0.492159900, 0.870447900)
(-0.008583954, 0.492110500, 0.870490400)
(-0.006774247, 0.491974400, 0.870583300)
(-0.006774247, 0.491974400, 0.870583300)
(-0.003070541, 0.491724800, 0.870745400)
(-0.003070541, 0.491724800, 0.870745400)
(-0.003070541, 0.491724800, 0.870745400)
(-0.002467060, 0.490065700, 0.871681900)
(-0.010378510, 0.492658900, 0.870160700)
(-0.010378510, 0.492658900, 0.870160700)
(-0.022468860, 0.499200000, 0.866195400)
(-0.022468860, 0.499200000, 0.866195400)
(-0.029636940, 0.501656600, 0.864559000)
(-0.029636940, 0.501656600, 0.864559000)
(-0.029636940, 0.501656600, 0.864559000)
(-0.048805180, 0.506873700, 0.860637700)
(-0.048805180, 0.506873700, 0.860637700)
(-0.084832630, 0.516211800, 0.852249300)
(-0.084832630, 0.516211800, 0.852249300)
(-0.146261100, 0.527359100, 0.836958800)
(-0.146261100, 0.527359100, 0.836958800)
(-0.182388900, 0.532571200, 0.826499900)
(-0.182388900, 0.532571200, 0.826499900)
(-0.252755600, 0.536977400, 0.804841400)
(-0.252755600, 0.536977400, 0.804841400)
(-0.312856700, 0.540050900, 0.781323000)
(-0.312856700, 0.540050900, 0.781323000)
(-0.341278600, 0.544200800, 0.766403600)
(-0.341278600, 0.544200800, 0.766403600)
(-0.429799600, 0.564113000, 0.705017000)
(-0.429799600, 0.564113000, 0.705017000)
(-0.455486700, 0.564420900, 0.688448100)
(-0.455486700, 0.564420900, 0.688448100)
(-0.492625000, 0.564044300, 0.662702500)
(-0.492625000, 0.564044300, 0.662702500)
(-0.517974600, 0.571529300, 0.636440500)
(-0.517974600, 0.571529300, 0.636440500)
(-0.535372300, 0.583420400, 0.610734800)
(-0.535372300, 0.583420400, 0.610734800)
(-0.544297700, 0.589446800, 0.596902400)
(-0.544297700, 0.589446800, 0.596902400)
(-0.558841100, 0.600138500, 0.572302700)
(-0.558841100, 0.600138500, 0.572302700)
(-0.562222500, 0.607686900, 0.560912100)
(-0.562222500, 0.607686900, 0.560912100)
(-0.557350100, 0.622046400, 0.549926500)
(-0.557350100, 0.622046400, 0.549926500)
(-0.552190200, 0.628477200, 0.547816000)
(-0.552190200, 0.628477200, 0.547816000)
(-0.534845700, 0.640918900, 0.550602600)
(-0.534845700, 0.640918900, 0.550602600)
(-0.534845700, 0.640918900, 0.550602600)
(-0.530903400, 0.644003000, 0.550819100)
(-0.530903400, 0.644003000, 0.550819100)
(-0.528088300, 0.645237600, 0.552079000)
(-0.515893500, 0.646312700, 0.562257800)
(-0.515893500, 0.646312700, 0.562257800)
(-0.515893500, 0.646312700, 0.562257800)
(-0.508063800, 0.644691900, 0.571177300)
(-0.506003600, 0.641664100, 0.576391800)
(-0.506003600, 0.641664100, 0.576391800)
(-0.506003600, 0.641664100, 0.576391800)
(-0.505198300, 0.636358800, 0.582942700)
(-0.505198300, 0.636358800, 0.582942700)
(-0.503360400, 0.633350600, 0.587788500)
(-0.503360400, 0.633350600, 0.587788500)
(-0.501340100, 0.632861600, 0.590037600)
(-0.501340100, 0.632861600, 0.590037600)
(-0.496977100, 0.632191700, 0.594430300)
(-0.496977100, 0.632191700, 0.594430300)
(-0.491601400, 0.628505300, 0.602751400)
(-0.491601400, 0.628505300, 0.602751400)
(-0.487415000, 0.625363600, 0.609382300)
(-0.487415000, 0.625363600, 0.609382300)
(-0.456235400, 0.623829600, 0.634575400)
(-0.456235400, 0.623829600, 0.634575400)
(-0.434317000, 0.624799100, 0.648841100)
(-0.434317000, 0.624799100, 0.648841100)
(-0.374199400, 0.627195800, 0.683081400)
(-0.374199400, 0.627195800, 0.683081400)
(-0.304564900, 0.618674200, 0.724211600)
(-0.304564900, 0.618674200, 0.724211600)
(-0.224680100, 0.610236500, 0.759690900)
(-0.224680100, 0.610236500, 0.759690900)
(-0.173580400, 0.611666800, 0.771837800)
(-0.173580400, 0.611666800, 0.771837800)
(-0.079863110, 0.612273000, 0.786602500)
(-0.079863110, 0.612273000, 0.786602500)
(-0.002439528, 0.616573000, 0.787294000)
(-0.002439528, 0.616573000, 0.787294000)
(0.032803800, 0.619001900, 0.784704000)
(0.032803800, 0.619001900, 0.784704000)
(0.098700330, 0.623387600, 0.775658400)
(0.098700330, 0.623387600, 0.775658400)
(0.180846200, 0.611322300, 0.770441200)
(0.180846200, 0.611322300, 0.770441200)
(0.217603700, 0.598138500, 0.771283900)
(0.217603700, 0.598138500, 0.771283900)
(0.312211600, 0.587313200, 0.746717600)
(0.312211600, 0.587313200, 0.746717600)
(0.372677200, 0.593384600, 0.713446800)
(0.372677200, 0.593384600, 0.713446800)
(0.406167800, 0.587178700, 0.700177700)
(0.406167800, 0.587178700, 0.700177700)
(0.440244000, 0.577483700, 0.687530300)
(0.440244000, 0.577483700, 0.687530300)
(0.440244000, 0.577483700, 0.687530300)
(0.515078400, 0.568212600, 0.641738700)
(0.542346800, 0.567508700, 0.619510900)
(0.542346800, 0.567508700, 0.619510900)
(0.542346800, 0.567508700, 0.619510900)
(0.550923500, 0.564924300, 0.614283100)
(0.550923500, 0.564924300, 0.614283100)
(0.567616300, 0.561464200, 0.602137600)
(0.567616300, 0.561464200, 0.602137600)
(0.587640900, 0.558850500, 0.585119100)
(0.587640900, 0.558850500, 0.585119100)
(0.593561800, 0.560610300, 0.577408300)
(0.593561800, 0.560610300, 0.577408300)
(0.590310000, 0.569305000, 0.572211500)
(0.590310000, 0.569305000, 0.572211500)
(0.585408000, 0.577341000, 0.569187800)
(0.585408000, 0.577341000, 0.569187800)
(0.584908200, 0.579552400, 0.567451600)
(0.584908200, 0.579552400, 0.567451600)
(0.579450500, 0.583330900, 0.569176800)
(0.579450500, 0.583330900, 0.569176800)
(0.569180000, 0.583706100, 0.579069400)
(0.569180000, 0.583706100, 0.579069400)
(0.564097000, 0.584380700, 0.583347000)
(0.564097000, 0.584380700, 0.583347000)
(0.554008500, 0.591924900, 0.585405300)
(0.554008500, 0.591924900, 0.585405300)
(0.543581600, 0.598427400, 0.588560800)
(0.543581600, 0.598427400, 0.588560800)
(0.537590700, 0.602119300, 0.590295300)
(0.537590700, 0.602119300, 0.590295300)
(0.523483200, 0.605256100, 0.599691800)
(0.523483200, 0.605256100, 0.599691800)
(0.501598400, 0.601371400, 0.621893400)
(0.501598400, 0.601371400, 0.621893400)
(0.488586600, 0.596557000, 0.636712600)
(0.488586600, 0.596557000, 0.636712600)
(0.455655900, 0.593005700, 0.663868900)
(0.455655900, 0.593005700, 0.663868900)
(0.418660100, 0.605778400, 0.676576900)
(0.418660100, 0.605778400, 0.676576900)
(0.397540400, 0.608562400, 0.686741200)
(0.397540400, 0.608562400, 0.686741200)
(0.304029100, 0.618345300, 0.724717500)
(0.304029100, 0.618345300, 0.724717500)
(0.268819000, 0.623138100, 0.734462500)
(0.268819000, 0.623138100, 0.734462500)
(0.192693700, 0.626988300, 0.754821100)
(0.192693700, 0.626988300, 0.754821100)
(0.127444000, 0.619107800, 0.774895800)
(0.127444000, 0.619107800, 0.774895800)
(0.071191820, 0.616122300, 0.784426500)
(0.071191820, 0.616122300, 0.784426500)
(0.042992090, 0.619333500, 0.783950100)
(0.042992090, 0.619333500, 0.783950100)
(-0.010004300, 0.628025200, 0.778128600)
(-0.010004300, 0.628025200, 0.778128600)
(-0.064148010, 0.632068000, 0.772253200)
(-0.064148010, 0.632068000, 0.772253200)
(-0.064148010, 0.632068000, 0.772253200)
(-0.103523500, 0.624071300, 0.774479100)
(-0.103523500, 0.624071300, 0.774479100)
(-0.111161200, 0.618272300, 0.778063400)
(-0.111161200, 0.618272300, 0.778063400)
(-0.112976400, 0.605724000, 0.787613300)
(-0.112976400, 0.605724000, 0.787613300)
(-0.110852000, 0.602613600, 0.790296600)
(-0.110852000, 0.602613600, 0.790296600)
(-0.106252200, 0.605709200, 0.788560000)
(-0.106252200, 0.605709200, 0.788560000)
(-0.090722840, 0.619347000, 0.779858000)
(-0.090722840, 0.619347000, 0.779858000)
(-0.085550600, 0.623976800, 0.776745800)
(-0.085550600, 0.623976800, 0.776745800)
(-0.079469810, 0.627801100, 0.774306300)
(-0.079469810, 0.627801100, 0.774306300)
(-0.058803540, 0.627748400, 0.776192000)
(-0.058803540, 0.627748400, 0.776192000)
(-0.052515550, 0.624496500, 0.779260200)
(-0.052515550, 0.624496500, 0.779260200)
(-0.050400110, 0.622479700, 0.781011500)
(-0.050400110, 0.622479700, 0.781011500)
(-0.048376180, 0.619322800, 0.783644700)
(-0.048376180, 0.619322800, 0.783644700)
(-0.053580900, 0.614958600, 0.786736800)
(-0.053580900, 0.614958600, 0.786736800)
(-0.055846270, 0.612207900, 0.788722300)
(-0.055846270, 0.612207900, 0.788722300)
(-0.058521710, 0.608924300, 0.791066500)
(-0.058521710, 0.608924300, 0.791066500)
(-0.057100650, 0.609550400, 0.790688200)
(-0.057100650, 0.609550400, 0.790688200)
(-0.055015540, 0.610087700, 0.790421700)
(-0.055015540, 0.610087700, 0.790421700)
(-0.049335040, 0.607931900, 0.792455000)
(-0.049335040, 0.607931900, 0.792455000)
(-0.047077490, 0.606774100, 0.793478900)
(-0.047077490, 0.606774100, 0.793478900)
(-0.047077490, 0.606774100, 0.793478900)
(-0.043860160, 0.604511300, 0.795388200)
(-0.039354220, 0.597706800, 0.800748300)
(-0.039354220, 0.597706800, 0.800748300)
(-0.039354220, 0.597706800, 0.800748300)
(-0.034486620, 0.581987200, 0.812466400)
(-0.034486620, 0.581987200, 0.812466400)
(-0.031519930, 0.555447000, 0.830954200)
(-0.031519930, 0.555447000, 0.830954200)
(-0.029831450, 0.541531600, 0.840150900)
(-0.027813120, 0.514000900, 0.857338500)
(-0.027813120, 0.514000900, 0.857338500)
(-0.027813120, 0.514000900, 0.857338500)
(-0.027814360, 0.498559700, 0.866408900)
(-0.027814360, 0.498559700, 0.866408900)
(-0.030561280, 0.465801000, 0.884361600)
(-0.030561280, 0.465801000, 0.884361600)
(-0.034210150, 0.438077000, 0.898286300)
(-0.034210150, 0.438077000, 0.898286300)
(-0.035348400, 0.403442600, 0.914322000)
(-0.035348400, 0.403442600, 0.914322000)
(-0.033094470, 0.386435000, 0.921722700)
(-0.033094470, 0.386435000, 0.921722700)
(-0.026912170, 0.343163400, 0.938890100)
(-0.026912170, 0.343163400, 0.938890100)
(-0.024927340, 0.330731200, 0.943395700)
(-0.024927340, 0.330731200, 0.943395700)
(-0.023286930, 0.322892100, 0.946149300)
(-0.023286930, 0.322892100, 0.946149300)
(-0.020644980, 0.307061300, 0.951465800)
(-0.020644980, 0.307061300, 0.951465800)
(-0.016566990, 0.298899400, 0.954140800)
(-0.016566990, 0.298899400, 0.954140800)
(-0.014570050, 0.296576800, 0.954897800)
(-0.014570050, 0.296576800, 0.954897800)
(-0.010571080, 0.291180600, 0.956609700)
