(-0.009650839, 0.020288990, -0.018487280)
(-0.009650839, 0.020288990, -0.018487280)
(-0.029513280, 0.077348500, -0.032086880)
(-0.029513280, 0.077348500, -0.032086880)
(0.045596340, 0.008438282, -0.011475330)
(0.018546250, -0.017842180, 0.024706410)
(0.018546250, -0.017842180, 0.024706410)
(-0.023257080, 0.017571690, 0.030260720)
(-0.023257080, 0.017571690, 0.030260720)
(-0.044316650, -0.175548500, -0.252904000)
(-0.044316650, -0.175548500, -0.252904000)
(0.026470890, -0.007611968, -0.203892100)
(0.086899170, -0.023491590, -0.112010700)
(0.086899170, -0.023491590, -0.112010700)
(0.040423560, 0.065668270, -0.048618120)
(0.040423560, 0.065668270, -0.048618120)
(-0.004843859, 0.037669100, 0.010643370)
(-0.014528100, -0.147614500, -0.114867700)
(-0.014528100, -0.147614500, -0.114867700)
(0.049170850, -0.008363887, -0.068084430)
(0.049170850, -0.008363887, -0.068084430)
(-0.019288080, 0.080862450, 0.179753600)
(-0.019288080, 0.080862450, 0.179753600)
(-0.003017246, 0.176366000, 0.037751470)
(0.011909930, 0.085362730, 0.038015490)
(0.011909930, 0.085362730, 0.038015490)
(0.014268110, 0.064615370, 0.121445700)
(0.014268110, 0.064615370, 0.121445700)
(0.002737417, 0.038149260, 0.076965530)
(0.002737417, 0.038149260, 0.076965530)
(-0.036057130, 0.007992401, 0.058559510)
(0.019449920, 0.074568720, 0.091854360)
(0.019449920, 0.074568720, 0.091854360)
(0.028715270, 0.069979260, 0.085897300)
(0.028715270, 0.069979260, 0.085897300)
(-0.038102190, 0.072107520, -0.004474270)
(-0.005898221, 0.059250550, 0.017237980)
(-0.005898221, 0.059250550, 0.017237980)
(0.025736570, 0.007453697, 0.044515770)
(0.025736570, 0.007453697, 0.044515770)
(-0.056541370, -0.019301630, -0.055625160)
(-0.036593400, 0.000690848, -0.065726280)
(-0.036593400, 0.000690848, -0.065726280)
(0.037950650, -0.000088739, -0.017274500)
(0.037950650, -0.000088739, -0.017274500)
(0.001758869, 0.013791380, -0.026104490)
(0.001758869, 0.013791380, -0.026104490)
(0.043885500, 0.023229760, 0.000792958)
(0.026993790, -0.000634979, 0.017678950)
(0.026993790, -0.000634979, 0.017678950)
(0.029055270, 0.020485040, -0.001188124)
(0.029055270, 0.020485040, -0.001188124)
(0.002745531, -0.037033000, 0.001436641)
(-0.014476080, -0.011530760, -0.011500660)
(-0.014476080, -0.011530760, -0.011500660)
(0.018384230, 0.038131220, 0.005644938)
(0.018384230, 0.038131220, 0.005644938)
(0.011136790, 0.002069188, 0.016443080)
(0.007732227, 0.018880210, -0.018216250)
(0.007732227, 0.018880210, -0.018216250)
(0.007732227, 0.018880210, -0.018216250)
(-0.020598600, 0.002505490, 0.014494040)
(-0.006524446, -0.021686480, -0.001860203)
(-0.006524446, -0.021686480, -0.001860203)
(-0.005781070, -0.005220111, 0.003172220)
(-0.005781070, -0.005220111, 0.003172220)
(-0.103391300, -0.003820279, 0.007174693)
(-0.037511970, -0.036927390, -0.001378097)
(-0.037511970, -0.036927390, -0.001378097)
(-0.086918030, -0.040549820, -0.038292840)
(-0.086918030, -0.040549820, -0.038292840)
(-0.064090010, -0.017242260, -0.078809500)
(-0.066562760, 0.010161320, -0.033527560)
(-0.066562760, 0.010161320, -0.033527560)
(-0.066562760, 0.010161320, -0.033527560)
(0.072828300, 0.033430070, -0.023859820)
(0.098020420, 0.024171410, -0.029848480)
(0.098020420, 0.024171410, -0.029848480)
(0.063888200, 0.025907030, 0.023648890)
(0.063888200, 0.025907030, 0.023648890)
(0.063888200, 0.025907030, 0.023648890)
(0.006800824, 0.011937160, -0.023380590)
(0.006800824, 0.011937160, -0.023380590)
(0.091239650, 0.052783090, 0.041097420)
(0.102861800, -0.056667260, -0.027596230)
(0.102861800, -0.056667260, -0.027596230)
(0.079828370, -0.019634270, -0.046761660)
(0.079828370, -0.019634270, -0.046761660)
(0.070946390, 0.014127710, 0.000096470)
(0.022373930, 0.028068610, -0.022935440)
(0.022373930, 0.028068610, -0.022935440)
(0.018936660, 0.037796050, -0.048507310)
(0.018936660, 0.037796050, -0.048507310)
(-0.025959990, 0.022053250, 0.087625490)
(-0.025959990, 0.022053250, 0.087625490)
(-0.007600541, -0.033221570, 0.017091820)
(-0.007600541, -0.033221570, 0.017091820)
(-0.055772200, 0.072500990, -0.021377140)
(-0.055772200, 0.072500990, -0.021377140)
(-0.022523400, -0.001462362, 0.021914330)
(-0.022523400, -0.001462362, 0.021914330)
(-0.016306300, -0.006984574, 0.006996049)
(-0.016306300, -0.006984574, 0.006996049)
(0.005107693, 0.020920460, -0.011170070)
(0.005107693, 0.020920460, -0.011170070)
(0.006955497, -0.000531702, 0.007166184)
(0.006955497, -0.000531702, 0.007166184)
(0.021502200, 0.030135220, 0.002153405)
(0.021502200, 0.030135220, 0.002153405)
(0.020793510, 0.010784870, -0.011427040)
(0.020793510, 0.010784870, -0.011427040)
(0.013372480, 0.023633970, 0.005819886)
(0.013372480, 0.023633970, 0.005819886)
(-0.018678120, -0.020359980, 0.002652723)
(-0.018678120, -0.020359980, 0.002652723)
(-0.018678120, -0.020359980, 0.002652723)
(-0.018678120, -0.020359980, 0.002652723)
(0.021634750, 0.040739110, 0.033848040)
(0.021634750, 0.040739110, 0.033848040)
(0.004060141, -0.040065280, -0.012624210)
(0.004060141, -0.040065280, -0.012624210)
(0.002655349, -0.012539950, -0.040841120)
(0.002655349, -0.012539950, -0.040841120)
(0.004898416, 0.039242950, 0.008774175)
(0.004898416, 0.039242950, 0.008774175)
(0.005864353, -0.035752540, -0.012786030)
(0.005864353, -0.035752540, -0.012786030)
(-0.007363426, -0.002625786, -0.011784380)
(-0.007363426, -0.002625786, -0.011784380)
(0.037854210, 0.009209942, 0.028303700)
(0.037854210, 0.009209942, 0.028303700)
(0.042844890, 0.001049060, 0.003045069)
(0.042844890, 0.001049060, 0.003045069)
(0.053879340, -0.018527440, 0.029576820)
(0.053879340, -0.018527440, 0.029576820)
(0.067061660, -0.038324740, -0.053389240)
(0.067061660, -0.038324740, -0.053389240)
(0.106109900, -0.017560260, -0.011311420)
(0.106109900, -0.017560260, -0.011311420)
(0.090794990, -0.051726890, 0.034195310)
(0.090794990, -0.051726890, 0.034195310)
(0.146208800, 0.007286674, -0.097314620)
(0.146208800, 0.007286674, -0.097314620)
(0.008552766, -0.000893755, -0.079198350)
(0.008552766, -0.000893755, -0.079198350)
(0.023452460, 0.007688744, -0.091075060)
(0.023452460, 0.007688744, -0.091075060)
(-0.066574030, 0.009736636, -0.017278150)
(-0.066574030, 0.009736636, -0.017278150)
(-0.146314700, -0.002259453, 0.054128900)
(-0.146314700, -0.002259453, 0.054128900)
(-0.160231400, -0.030515360, 0.061431960)
(-0.160231400, -0.030515360, 0.061431960)
(-0.090552950, -0.014438470, -0.012682660)
(-0.090552950, -0.014438470, -0.012682660)
(0.000783962, 0.118493900, -0.049296520)
(0.000783962, 0.118493900, -0.049296520)
(0.000783962, 0.118493900, -0.049296520)
(0.000783962, 0.118493900, -0.049296520)
(0.000783962, 0.118493900, -0.049296520)
(0.085723910, 0.039326730, -0.004194974)
(0.085723910, 0.039326730, -0.004194974)
(-0.041659100, -0.057076440, -0.020364350)
(-0.041659100, -0.057076440, -0.020364350)
(-0.064940450, -0.107862600, -0.046600380)
(-0.037567890, -0.062276220, 0.039165880)
(-0.037567890, -0.062276220, 0.039165880)
(-0.049962060, 0.025283720, -0.011077580)
(-0.049962060, 0.025283720, -0.011077580)
(0.037113130, 0.081893850, -0.011190440)
(0.037113130, 0.081893850, -0.011190440)
(0.037113130, 0.081893850, -0.011190440)
(0.058126170, 0.069520010, 0.011368700)
(0.058126170, 0.069520010, 0.011368700)
(0.044904060, -0.030595730, 0.012825710)
(0.044904060, -0.030595730, 0.012825710)
(0.085143460, -0.048997000, -0.031170620)
(-0.016605970, -0.041515340, -0.011685720)
(-0.016605970, -0.041515340, -0.011685720)
(0.035755530, -0.006451219, -0.009831209)
(0.035755530, -0.006451219, -0.009831209)
(0.030572350, -0.030298350, -0.030101620)
(0.030572350, -0.030298350, -0.030101620)
(0.003386773, 0.000980306, -0.039592610)
(0.003386773, 0.000980306, -0.039592610)
(-0.001967564, -0.003803650, 0.033178000)
(-0.001967564, -0.003803650, 0.033178000)
(-0.021772940, -0.002364967, 0.021609800)
(-0.021772940, -0.002364967, 0.021609800)
(0.074802890, 0.034798250, -0.003838659)
(0.074802890, 0.034798250, -0.003838659)
(-0.013414130, 0.022495930, 0.024080820)
(-0.013414130, 0.022495930, 0.024080820)
(-0.008927632, 0.000470484, 0.011185720)
(-0.008927632, 0.000470484, 0.011185720)
(-0.008927632, 0.000470484, 0.011185720)
(-0.047233940, -0.008556243, 0.016011350)
(-0.092192630, -0.014516360, 0.041081810)
(-0.092192630, -0.014516360, 0.041081810)
(-0.092192630, -0.014516360, 0.041081810)
(-0.092192630, -0.014516360, 0.041081810)
(-0.092192630, -0.014516360, 0.041081810)
(-0.007352802, 0.041149980, 0.014796090)
(-0.007352802, 0.041149980, 0.014796090)
(-0.112310900, -0.053255420, 0.048562350)
(-0.112310900, -0.053255420, 0.048562350)
(-0.058214400, 0.050433390, 0.016806500)
(-0.058214400, 0.050433390, 0.016806500)
(-0.058214400, 0.050433390, 0.016806500)
(-0.058214400, 0.050433390, 0.016806500)
(0.082054670, 0.078268070, -0.010878130)
(0.082054670, 0.078268070, -0.010878130)
(0.053180910, -0.025884370, -0.049133730)
(0.053180910, -0.025884370, -0.049133730)
(0.080654470, -0.064514280, -0.014078700)
(0.080654470, -0.064514280, -0.014078700)
(0.141166500, -0.058763490, -0.058470870)
(0.141166500, -0.058763490, -0.058470870)
(0.159130500, -0.030464600, -0.024923030)
(0.159130500, -0.030464600, -0.024923030)
(0.065201380, -0.090841720, -0.034463030)
(0.065201380, -0.090841720, -0.034463030)
(0.057030870, -0.010558670, -0.050843730)
(0.057030870, -0.010558670, -0.050843730)
(0.044328390, 0.005836176, 0.007444021)
(0.044328390, 0.005836176, 0.007444021)
(0.012861320, -0.000157201, -0.006852852)
(0.012861320, -0.000157201, -0.006852852)
(-0.017512400, 0.061098600, 0.024545660)
(-0.017512400, 0.061098600, 0.024545660)
(-0.029273830, 0.000676066, 0.061202310)
(-0.029273830, 0.000676066, 0.061202310)
(0.002033137, -0.034853630, -0.004048909)
(0.002033137, -0.034853630, -0.004048909)
(0.006325028, 0.022286450, 0.030639500)
(0.006325028, 0.022286450, 0.030639500)
(-0.001970321, 0.000035204, -0.002113290)
(-0.001970321, 0.000035204, -0.002113290)
(0.020562910, 0.004672461, -0.008446596)
(0.020562910, 0.004672461, -0.008446596)
(0.007696479, -0.024291850, 0.034433520)
(0.007696479, -0.024291850, 0.034433520)
(0.024653230, 0.043745820, 0.049837020)
(0.024653230, 0.043745820, 0.049837020)
(0.024581090, 0.048926880, 0.056738110)
(0.024581090, 0.048926880, 0.056738110)
(-0.008067348, 0.065981650, 0.054382480)
(-0.008067348, 0.065981650, 0.054382480)
(0.022573570, -0.007260563, 0.021463060)
(0.022573570, -0.007260563, 0.021463060)
(0.011727690, -0.003772385, 0.021417550)
(0.011727690, -0.003772385, 0.021417550)
(0.013590050, 0.011796970, 0.003121263)
(0.013590050, 0.011796970, 0.003121263)
(0.047633470, -0.040544810, 0.031253230)
(0.047633470, -0.040544810, 0.031253230)
(0.028245190, 0.025388560, 0.021738850)
(0.028245190, 0.025388560, 0.021738850)
(0.004095389, 0.078694070, 0.029280360)
(0.004095389, 0.078694070, 0.029280360)
(-0.133481400, -0.042423730, -0.018234870)
(-0.133481400, -0.042423730, -0.018234870)
(0.031900460, -0.417374800, -0.411136400)
(0.031900460, -0.417374800, -0.411136400)
(0.056621520, 0.086754000, -0.004985939)
(0.056621520, 0.086754000, -0.004985939)
(-0.051188040, -0.008240674, -0.065101220)
(-0.051188040, -0.008240674, -0.065101220)
(0.008263527, 0.038807330, -0.066453450)
(0.027561730, 0.022969040, -0.026889380)
(0.027561730, 0.022969040, -0.026889380)
(0.012067300, 0.017650410, -0.028221090)
(0.012067300, 0.017650410, -0.028221090)
(-0.000467102, -0.005420004, -0.018095560)
(-0.000467102, -0.005420004, -0.018095560)
(0.004287567, -0.006645374, 0.000530486)
(0.004287567, -0.006645374, 0.000530486)
(0.013408760, 0.018352930, -0.001929978)
(0.001979568, 0.011755550, -0.023591230)
(-0.011630290, -0.005993036, 0.011395290)
(-0.011630290, -0.005993036, 0.011395290)
(0.006205945, -0.010550400, 0.001514633)
(0.006205945, -0.010550400, 0.001514633)
(0.015006850, 0.003043416, -0.014941430)
(0.012593420, 0.003746419, 0.006211503)
(0.012593420, 0.003746419, 0.006211503)
(0.000318176, 0.000984341, 0.005945531)
(0.000318176, 0.000984341, 0.005945531)
(0.002308053, 0.010382020, -0.005200030)
(0.002308053, 0.010382020, -0.005200030)
(0.002853400, 0.022340520, -0.017258550)
(0.002853400, 0.022340520, -0.017258550)
(-0.003085691, 0.007819543, 0.004231443)
(-0.003085691, 0.007819543, 0.004231443)
(0.009312353, 0.000958814, -0.006113672)
(0.009312353, 0.000958814, -0.006113672)
(0.017688020, 0.006340745, -0.001292325)
(0.017688020, 0.006340745, -0.001292325)
(-0.001735662, 0.003957301, 0.009847401)
(-0.001735662, 0.003957301, 0.009847401)
(-0.013870190, -0.028831610, 0.009438280)
