(-0.003731709, 0.030246650, 0.052164940)
(-0.003731709, 0.030246650, 0.052164940)
(-0.003731709, 0.030246650, 0.052164940)
(-0.013037080, 0.019437470, 0.081891230)
(-0.014373170, 0.004183888, 0.065285020)
(-0.014373170, 0.004183888, 0.065285020)
(0.037503420, -0.089538420, 0.059151800)
(0.037503420, -0.089538420, 0.059151800)
(-0.007644222, -0.075070530, 0.147705300)
(0.009393469, 0.069848250, 0.202168100)
(0.009393469, 0.069848250, 0.202168100)
(0.009393469, 0.069848250, 0.202168100)
(0.013177730, 0.023837610, 0.086871970)
(-0.005478128, 0.029866630, -0.045851710)
(-0.005478128, 0.029866630, -0.045851710)
(-0.011130680, 0.042623020, 0.125807500)
(-0.011130680, 0.042623020, 0.125807500)
(-0.030645740, 0.003712626, 0.104299700)
(-0.030645740, 0.003712626, 0.104299700)
(0.008141183, -0.011560780, 0.038317450)
(0.008141183, -0.011560780, 0.038317450)
(0.023185440, -0.025964700, -0.015132230)
(-0.003583129, -0.020388230, -0.042074030)
(-0.003583129, -0.020388230, -0.042074030)
(-0.015005440, -0.000240761, -0.035717040)
(-0.015005440, -0.000240761, -0.035717040)
(-0.002325120, -0.026330960, -0.060405900)
(-0.002325120, -0.026330960, -0.060405900)
(-0.000097839, -0.064105890, -0.108686500)
(-0.000097839, -0.064105890, -0.108686500)
(-0.008440606, -0.042561340, -0.127127700)
(-0.008440606, -0.042561340, -0.127127700)
(-0.000581611, -0.032519520, -0.124802100)
(-0.003576791, -0.067238230, -0.150765600)
(-0.003576791, -0.067238230, -0.150765600)
(-0.000447183, -0.012462490, -0.142944500)
(-0.000447183, -0.012462490, -0.142944500)
(-0.014635170, -0.010021430, -0.119577000)
(-0.014635170, -0.010021430, -0.119577000)
(0.023651330, -0.036739040, -0.106845300)
(0.023651330, -0.036739040, -0.106845300)
(0.028758250, -0.040239570, -0.101569100)
(0.028758250, -0.040239570, -0.101569100)
(0.004649895, 0.062440760, -0.054433820)
(0.004649895, 0.062440760, -0.054433820)
(0.007195048, 0.003997684, -0.056630650)
(0.007195048, 0.003997684, -0.056630650)
(0.009208510, -0.032212260, -0.080360750)
(0.009208510, -0.032212260, -0.080360750)
(0.009158027, -0.008337825, -0.033882760)
(0.009158027, -0.008337825, -0.033882760)
(0.003842908, 0.013527040, -0.045363630)
(0.003842908, 0.013527040, -0.045363630)
(0.006336145, -0.039460380, -0.038949950)
(0.006336145, -0.039460380, -0.038949950)
(-0.015600930, 0.026658710, 0.048586420)
(-0.015600930, 0.026658710, 0.048586420)
(0.001966641, 0.051185020, 0.043532450)
(0.001966641, 0.051185020, 0.043532450)
(-0.007893842, 0.016154010, 0.040309280)
(-0.007893842, 0.016154010, 0.040309280)
(-0.052279390, 0.001706552, 0.052565500)
(-0.052279390, 0.001706552, 0.052565500)
(-0.075879230, 0.023995070, 0.081000250)
(-0.075879230, 0.023995070, 0.081000250)
(-0.116814200, 0.043044970, 0.095794640)
(-0.116814200, 0.043044970, 0.095794640)
(-0.139767100, 0.016835670, 0.080228980)
(-0.139767100, 0.016835670, 0.080228980)
(-0.137467800, 0.001588541, 0.074056470)
(-0.137467800, 0.001588541, 0.074056470)
(-0.136361300, -0.006233408, 0.081572840)
(-0.136361300, -0.006233408, 0.081572840)
(-0.085163620, -0.008775804, 0.073527440)
(-0.085163620, -0.008775804, 0.073527440)
(-0.059318600, -0.013996790, 0.042335630)
(-0.059318600, -0.013996790, 0.042335630)
(-0.020469020, -0.055548140, 0.043653920)
(-0.020469020, -0.055548140, 0.043653920)
(-0.019215570, -0.017787190, 0.045662180)
(-0.019215570, -0.017787190, 0.045662180)
(0.022948640, 0.084215980, 0.041370640)
(0.022948640, 0.084215980, 0.041370640)
(0.022948640, 0.084215980, 0.041370640)
(0.057986790, -0.040537220, -0.010266540)
(0.213652200, 0.057920880, -0.008474457)
(0.213652200, 0.057920880, -0.008474457)
(0.145013600, 0.153141900, 0.084980590)
(0.145013600, 0.153141900, 0.084980590)
(0.145013600, 0.153141900, 0.084980590)
(0.055625010, -0.233554900, -0.005357717)
(0.100536600, 0.200715900, 0.078503900)
(0.100536600, 0.200715900, 0.078503900)
(0.015877880, -0.069619200, 0.091395930)
(0.015877880, -0.069619200, 0.091395930)
(0.015877880, -0.069619200, 0.091395930)
(0.125747600, -0.222405500, -0.097312630)
(0.171189700, 0.048679920, -0.053815570)
(0.171189700, 0.048679920, -0.053815570)
(0.159262700, 0.145844300, -0.115070400)
(0.159262700, 0.145844300, -0.115070400)
(0.159262700, 0.145844300, -0.115070400)
(-0.017628140, -0.031437320, -0.057487450)
(-0.017628140, -0.031437320, -0.057487450)
(-0.067695790, 0.038720780, 0.006945237)
(-0.045708470, 0.009371422, 0.057474760)
(-0.045708470, 0.009371422, 0.057474760)
(-0.045708470, 0.009371422, 0.057474760)
(-0.079252760, 0.082557280, 0.081454440)
(-0.079252760, 0.082557280, 0.081454440)
(-0.049724020, 0.096479990, 0.086606380)
(-0.049724020, 0.096479990, 0.086606380)
(-0.009950726, -0.010518360, 0.015494920)
(-0.009950726, -0.010518360, 0.015494920)
(-0.008401716, 0.051682010, -0.018232540)
(-0.008401716, 0.051682010, -0.018232540)
(0.023403980, 0.017518840, -0.030359180)
(0.035022650, -0.049744490, -0.025749440)
(0.035022650, -0.049744490, -0.025749440)
(0.035022650, -0.049744490, -0.025749440)
(0.042899030, -0.018320790, -0.019556900)
(0.042899030, -0.018320790, -0.019556900)
(0.031728570, 0.031743750, -0.016535660)
(0.031728570, 0.031743750, -0.016535660)
(0.044852350, -0.001843671, -0.016741390)
(0.044852350, -0.001843671, -0.016741390)
(0.063099420, 0.021735790, -0.021887350)
(0.063099420, 0.021735790, -0.021887350)
(0.082750610, -0.012566350, -0.014089390)
(0.082750610, -0.012566350, -0.014089390)
(0.125884900, -0.013089930, -0.005497122)
(0.125884900, -0.013089930, -0.005497122)
(0.182873200, -0.019721590, 0.001008751)
(0.182873200, -0.019721590, 0.001008751)
(0.200225100, -0.013606800, -0.020501180)
(0.200225100, -0.013606800, -0.020501180)
(0.060898830, 0.015475660, 0.081770350)
(0.060898830, 0.015475660, 0.081770350)
(0.080317540, 0.010496190, 0.024626910)
(0.080317540, 0.010496190, 0.024626910)
(0.057834110, -0.049306150, 0.043495990)
(0.057834110, -0.049306150, 0.043495990)
(0.016309620, 0.077520770, 0.050759710)
(0.016309620, 0.077520770, 0.050759710)
(-0.021408520, -0.008599809, 0.069322650)
(-0.021408520, -0.008599809, 0.069322650)
(-0.067670810, -0.055081300, 0.106266100)
(-0.067670810, -0.055081300, 0.106266100)
(-0.054714850, 0.086327670, 0.080558450)
(-0.054714850, 0.086327670, 0.080558450)
(-0.006677052, -0.086811720, 0.058860730)
(-0.006677052, -0.086811720, 0.058860730)
(0.039780010, -0.094774950, 0.064391690)
(0.039780010, -0.094774950, 0.064391690)
(0.002216859, -0.066098200, 0.109279800)
(0.002216859, -0.066098200, 0.109279800)
(0.002216859, -0.066098200, 0.109279800)
(0.027775210, 0.022544990, 0.094973770)
(0.027775210, 0.022544990, 0.094973770)
(-0.023631070, -0.024518000, 0.088413630)
(-0.023631070, -0.024518000, 0.088413630)
(-0.061191670, -0.013413520, 0.097035420)
(-0.025131240, 0.096165590, 0.125619100)
(-0.025131240, 0.096165590, 0.125619100)
(-0.025131240, 0.096165590, 0.125619100)
(-0.070170350, -0.042088470, 0.004506994)
(-0.022259860, -0.029102160, -0.001500095)
(-0.022259860, -0.029102160, -0.001500095)
(-0.022259860, -0.029102160, -0.001500095)
(-0.045154010, -0.042557350, 0.023155650)
(-0.045154010, -0.042557350, 0.023155650)
(-0.052374900, -0.042382350, -0.014275580)
(-0.052374900, -0.042382350, -0.014275580)
(-0.014512420, -0.001829327, -0.012781410)
(-0.014512420, -0.001829327, -0.012781410)
(-0.045868240, -0.042613800, -0.029368660)
(-0.045868240, -0.042613800, -0.029368660)
(-0.062621550, -0.021014650, -0.043371900)
(-0.062621550, -0.021014650, -0.043371900)
(-0.045794530, -0.011097130, -0.006053427)
(-0.045794530, -0.011097130, -0.006053427)
(-0.067608600, 0.005085618, -0.029151850)
(-0.067608600, 0.005085618, -0.029151850)
(-0.052150350, -0.035981020, -0.028025190)
(-0.052150350, -0.035981020, -0.028025190)
(-0.062244230, -0.006070154, -0.031619610)
(-0.062244230, -0.006070154, -0.031619610)
(-0.009214464, 0.032474950, -0.003126319)
(-0.009214464, 0.032474950, -0.003126319)
(-0.001562430, -0.014143900, -0.014049380)
(-0.001562430, -0.014143900, -0.014049380)
(-0.007231243, -0.029093990, -0.002722936)
(-0.007231243, -0.029093990, -0.002722936)
(-0.047574120, 0.031870950, -0.042191510)
(-0.047574120, 0.031870950, -0.042191510)
(-0.086673730, -0.083201690, -0.063670310)
(-0.086673730, -0.083201690, -0.063670310)
(-0.086673730, -0.083201690, -0.063670310)
(-0.086673730, -0.083201690, -0.063670310)
(-0.094156890, 0.021311690, -0.011244700)
(-0.094156890, 0.021311690, -0.011244700)
(-0.080090740, -0.056495480, -0.027337990)
(-0.080090740, -0.056495480, -0.027337990)
(-0.090789100, -0.019545910, 0.025752900)
(-0.090789100, -0.019545910, 0.025752900)
(-0.075234290, 0.041825320, 0.070095130)
(-0.075234290, 0.041825320, 0.070095130)
(-0.053793810, 0.095164470, 0.071775760)
(-0.053793810, 0.095164470, 0.071775760)
(-0.036778580, 0.119258300, 0.122318300)
(-0.036778580, 0.119258300, 0.122318300)
(0.092851800, -0.069498230, 0.094762450)
(0.092851800, -0.069498230, 0.094762450)
(0.053962450, -0.101918700, 0.081853990)
(0.053962450, -0.101918700, 0.081853990)
(0.030271830, -0.034658310, 0.072034400)
(0.030271830, -0.034658310, 0.072034400)
(0.057917730, -0.026024360, 0.084645770)
(0.057917730, -0.026024360, 0.084645770)
(0.025450120, -0.037882560, 0.056927640)
(0.025450120, -0.037882560, 0.056927640)
(0.078069060, -0.019319860, 0.041277860)
(0.078069060, -0.019319860, 0.041277860)
(0.134115400, -0.025075660, 0.034728710)
(0.134115400, -0.025075660, 0.034728710)
(0.109854300, -0.061397100, 0.000524068)
(0.109854300, -0.061397100, 0.000524068)
(0.109854300, -0.061397100, 0.000524068)
(0.103637900, -0.041601990, -0.002282404)
(0.075319180, 0.004044532, -0.015543100)
(0.075319180, 0.004044532, -0.015543100)
(0.054906070, 0.031250260, -0.019941130)
(0.054906070, 0.031250260, -0.019941130)
(0.017638190, 0.045550200, -0.016477260)
(0.017638190, 0.045550200, -0.016477260)
(0.043817100, -0.013310290, -0.012429520)
(0.043817100, -0.013310290, -0.012429520)
(-0.004629417, 0.019120990, 0.004894380)
(-0.004629417, 0.019120990, 0.004894380)
(-0.000479723, 0.022682300, 0.006924135)
(-0.000479723, 0.022682300, 0.006924135)
(-0.016979460, 0.015432290, 0.015518400)
(-0.016979460, 0.015432290, 0.015518400)
(0.050881040, -0.002172514, -0.074407340)
(0.050881040, -0.002172514, -0.074407340)
(0.028813020, -0.007278359, -0.075933640)
(0.028813020, -0.007278359, -0.075933640)
(0.028813020, -0.007278359, -0.075933640)
(0.004291633, -0.058169840, -0.075958150)
(0.000145674, -0.012896260, -0.016569260)
(0.000145674, -0.012896260, -0.016569260)
(0.000145674, -0.012896260, -0.016569260)
(-0.027342250, 0.031449720, 0.001349312)
(0.017161830, -0.006564464, 0.016578790)
(0.017161830, -0.006564464, 0.016578790)
(-0.000796544, 0.008648920, 0.029367160)
(-0.000796544, 0.008648920, 0.029367160)
(-0.004238049, 0.039450330, 0.030640420)
(-0.004238049, 0.039450330, 0.030640420)
(-0.003110389, -0.005262706, 0.008466872)
(-0.003110389, -0.005262706, 0.008466872)
(0.007309949, -0.019808680, -0.027526260)
(0.007309949, -0.019808680, -0.027526260)
(0.007309949, -0.019808680, -0.027526260)
(0.020071510, -0.038799840, -0.074891540)
(0.001868633, -0.055439410, -0.122980700)
(0.001868633, -0.055439410, -0.122980700)
(0.001868633, -0.055439410, -0.122980700)
(0.000805904, -0.049121570, -0.145403800)
(0.000805904, -0.049121570, -0.145403800)
(0.018492800, -0.081011430, -0.161217300)
(-0.007026433, -0.001137604, -0.104137300)
(-0.007026433, -0.001137604, -0.104137300)
(-0.007026433, -0.001137604, -0.104137300)
(0.014290660, -0.035467070, -0.123354600)
(-0.003881992, -0.052122730, -0.063159470)
(-0.003881992, -0.052122730, -0.063159470)
(-0.003881992, -0.052122730, -0.063159470)
(-0.012421720, -0.033051680, -0.049031620)
(0.011193110, -0.022172360, -0.003880962)
(0.011193110, -0.022172360, -0.003880962)
(0.011193110, -0.022172360, -0.003880962)
(-0.004206287, -0.020021920, 0.013555850)
(-0.004206287, -0.020021920, 0.013555850)
(-0.014587650, 0.006137790, 0.036959870)
(-0.019685030, 0.012093510, 0.086287310)
(-0.019685030, 0.012093510, 0.086287310)
(-0.019685030, 0.012093510, 0.086287310)
(-0.018932720, 0.027428980, 0.075422990)
(-0.018932720, 0.027428980, 0.075422990)
(-0.020931050, -0.002584212, 0.064147030)
(-0.020931050, -0.002584212, 0.064147030)
(-0.025625220, 0.021349060, 0.050798610)
(-0.025625220, 0.021349060, 0.050798610)
(-0.010639620, -0.008385281, 0.051699120)
(-0.010639620, -0.008385281, 0.051699120)
(-0.010639620, -0.008385281, 0.051699120)
(-0.010639620, -0.008385281, 0.051699120)
(0.005441848, 0.018044430, 0.094467890)
