(-0.024682780, 0.025818990, 0.033609100)
(-0.015530650, 0.000942543, 0.039637780)
(0.029781300, 0.015751130, 0.055124960)
(0.029781300, 0.015751130, 0.055124960)
(0.032765330, -0.008078678, -0.013830080)
(0.032765330, -0.008078678, -0.013830080)
(0.015150100, 0.038045950, 0.031795430)
(0.015150100, 0.038045950, 0.031795430)
(-0.021816330, -0.032155170, 0.135401500)
(-0.021816330, -0.032155170, 0.135401500)
(-0.006133653, -0.003176341, 0.115024200)
(-0.016783200, -0.016471930, 0.062473490)
(-0.016783200, -0.016471930, 0.062473490)
(-0.026524700, 0.034542270, 0.033869720)
(-0.026524700, 0.034542270, 0.033869720)
(0.018909800, -0.080657110, 0.111533100)
(0.018909800, -0.080657110, 0.111533100)
(-0.025952340, 0.022531250, 0.114212900)
(-0.025952340, 0.022531250, 0.114212900)
(0.051997130, 0.039089350, 0.043713330)
(0.051997130, 0.039089350, 0.043713330)
(0.051997130, 0.039089350, 0.043713330)
(-0.019285190, -0.004914073, 0.010951840)
(-0.019285190, -0.004914073, 0.010951840)
(0.033522780, -0.031731860, -0.037187820)
(0.033522780, -0.031731860, -0.037187820)
(0.004277447, -0.049540710, -0.076553110)
(0.004277447, -0.049540710, -0.076553110)
(0.009021754, -0.062329290, -0.082783480)
(0.009021754, -0.062329290, -0.082783480)
(-0.017789970, -0.083251330, -0.125368400)
(-0.007834385, -0.073170300, -0.107957900)
(-0.007834385, -0.073170300, -0.107957900)
(-0.014116690, -0.044312330, -0.125658300)
(-0.014116690, -0.044312330, -0.125658300)
(-0.003685365, 0.007927342, -0.144984300)
(-0.003685365, 0.007927342, -0.144984300)
(0.017517380, -0.048333860, -0.149241600)
(0.017517380, -0.048333860, -0.149241600)
(-0.009850023, -0.040480770, -0.138034600)
(-0.009850023, -0.040480770, -0.138034600)
(-0.030717700, 0.037607730, -0.094117990)
(0.001972235, -0.031890050, -0.142278000)
(0.001972235, -0.031890050, -0.142278000)
(-0.021054010, -0.047461750, -0.051092780)
(-0.021054010, -0.047461750, -0.051092780)
(-0.035620300, 0.007574819, -0.045538680)
(-0.035620300, 0.007574819, -0.045538680)
(0.019323800, -0.064904680, -0.052023150)
(0.019323800, -0.064904680, -0.052023150)
(-0.015314670, -0.060816050, -0.020511390)
(0.024210700, 0.036709750, 0.002034131)
(0.024210700, 0.036709750, 0.002034131)
(0.024210700, 0.036709750, 0.002034131)
(0.031314890, 0.012881290, -0.015681480)
(-0.021039630, 0.035498530, 0.019403450)
(-0.021039630, 0.035498530, 0.019403450)
(0.027502290, 0.022286110, 0.022309500)
(0.027502290, 0.022286110, 0.022309500)
(0.008440287, -0.003040061, 0.010614200)
(0.008440287, -0.003040061, 0.010614200)
(-0.057239180, -0.011578750, 0.066966430)
(-0.057239180, -0.011578750, 0.066966430)
(-0.093422190, 0.046358910, 0.103230000)
(-0.093422190, 0.046358910, 0.103230000)
(-0.142862100, 0.070606160, 0.073791180)
(-0.117195000, 0.047384240, -0.000557618)
(-0.117195000, 0.047384240, -0.000557618)
(-0.111122200, 0.008173281, 0.030204750)
(-0.111122200, 0.008173281, 0.030204750)
(-0.123696600, 0.058626030, 0.135806700)
(-0.123696600, 0.058626030, 0.135806700)
(-0.060630550, 0.017642830, 0.136006500)
(-0.060630550, 0.017642830, 0.136006500)
(-0.034866140, -0.042541690, 0.040827210)
(0.027145310, 0.010792310, 0.066463270)
(0.027145310, 0.010792310, 0.066463270)
(0.028495890, -0.004925208, 0.041089540)
(0.028495890, -0.004925208, 0.041089540)
(-0.009866485, 0.022548390, -0.000356024)
(0.067333440, -0.070433800, 0.000162550)
(0.067333440, -0.070433800, 0.000162550)
(0.067333440, -0.070433800, 0.000162550)
(0.010481530, -0.112819400, -0.075161400)
(0.033906050, -0.058198720, -0.047957080)
(0.033906050, -0.058198720, -0.047957080)
(0.053076240, -0.035300140, -0.072924840)
(0.053076240, -0.035300140, -0.072924840)
(0.036856490, 0.038402050, -0.051987220)
(0.036856490, 0.038402050, -0.051987220)
(0.034843560, 0.018836880, 0.008864420)
(-0.034473490, 0.103452200, 0.026673300)
(-0.034473490, 0.103452200, 0.026673300)
(0.026638090, 0.076698590, 0.042133980)
(0.026638090, 0.076698590, 0.042133980)
(0.003134391, 0.107937400, 0.056526010)
(0.003134391, 0.107937400, 0.056526010)
(0.010922380, -0.028852910, 0.024655890)
(0.010922380, -0.028852910, 0.024655890)
(-0.025425610, -0.076411520, -0.063064950)
(0.107369900, -0.025171450, -0.026306190)
(0.107369900, -0.025171450, -0.026306190)
(0.047769150, -0.012577480, -0.050969520)
(0.047769150, -0.012577480, -0.050969520)
(0.037436380, 0.077178800, 0.014135780)
(0.037436380, 0.077178800, 0.014135780)
(-0.036381000, 0.043845490, 0.019880200)
(-0.036381000, 0.043845490, 0.019880200)
(-0.031978110, -0.028195270, 0.001814885)
(0.059829270, -0.029957300, -0.031646010)
(0.059829270, -0.029957300, -0.031646010)
(-0.000504181, 0.064424720, 0.021859440)
(-0.000504181, 0.064424720, 0.021859440)
(0.038504890, 0.018411710, -0.011611910)
(0.038504890, 0.018411710, -0.011611910)
(0.026351210, -0.067654800, -0.024445350)
(0.026351210, -0.067654800, -0.024445350)
(0.010845940, 0.035768150, -0.017869320)
(0.002219728, 0.028703050, -0.025650740)
(0.002219728, 0.028703050, -0.025650740)
(-0.017938270, 0.023205050, -0.047846270)
(-0.017938270, 0.023205050, -0.047846270)
(-0.001944565, 0.045407240, -0.021655220)
(-0.001944565, 0.045407240, -0.021655220)
(0.023779840, -0.032114740, -0.020751110)
(0.023779840, -0.032114740, -0.020751110)
(0.047557050, 0.027403240, -0.036583810)
(0.047557050, 0.027403240, -0.036583810)
(0.077168730, 0.042131890, 0.011503190)
(0.141392500, 0.021539350, -0.016182650)
(0.141392500, 0.021539350, -0.016182650)
(0.141392500, 0.021539350, -0.016182650)
(0.176614900, -0.035119070, 0.046181340)
(0.190411100, 0.044134900, -0.001124086)
(0.190411100, 0.044134900, -0.001124086)
(0.151792500, -0.072968170, 0.035493280)
(0.151792500, -0.072968170, 0.035493280)
(0.109789400, -0.062633070, 0.055839440)
(-0.037337220, 0.045088370, 0.039446690)
(-0.037337220, 0.045088370, 0.039446690)
(-0.057115970, -0.031543660, 0.059914030)
(-0.057115970, -0.031543660, 0.059914030)
(-0.057115970, -0.031543660, 0.059914030)
(-0.061667460, -0.085385830, 0.047244690)
(-0.011691250, -0.091447520, 0.134240100)
(-0.011691250, -0.091447520, 0.134240100)
(-0.026584410, 0.106356000, 0.172566900)
(-0.026584410, 0.106356000, 0.172566900)
(-0.006075758, 0.028725080, 0.092619500)
(-0.071301240, -0.003401336, 0.113267500)
(-0.071301240, -0.003401336, 0.113267500)
(-0.071301240, -0.003401336, 0.113267500)
(0.026938300, -0.041336840, 0.092250690)
(0.054201060, -0.012026720, 0.123819800)
(0.054201060, -0.012026720, 0.123819800)
(0.012030080, -0.090315360, 0.068447170)
(0.012030080, -0.090315360, 0.068447170)
(0.012030080, -0.090315360, 0.068447170)
(-0.025910710, 0.035875170, 0.078089720)
(-0.025910710, 0.035875170, 0.078089720)
(-0.025910710, 0.035875170, 0.078089720)
(-0.029159990, -0.030420640, 0.039627860)
(0.004457276, -0.010268630, -0.005255607)
(0.004457276, -0.010268630, -0.005255607)
(0.004457276, -0.010268630, -0.005255607)
(0.004457276, -0.010268630, -0.005255607)
(0.004457276, -0.010268630, -0.005255607)
(0.004457276, -0.010268630, -0.005255607)
(-0.100698900, -0.020706570, 0.001145627)
(-0.100698900, -0.020706570, 0.001145627)
(-0.088372650, -0.001899540, -0.033462740)
(-0.088372650, -0.001899540, -0.033462740)
(-0.088372650, -0.001899540, -0.033462740)
(-0.090015110, -0.059789790, -0.040426940)
(-0.060165410, -0.071211050, -0.043083710)
(-0.060165410, -0.071211050, -0.043083710)
(-0.062341280, -0.058848870, -0.025045910)
(-0.062341280, -0.058848870, -0.025045910)
(-0.100082000, 0.031267770, -0.048957320)
(-0.100082000, 0.031267770, -0.048957320)
(-0.055092770, -0.040509560, -0.055828400)
(-0.055092770, -0.040509560, -0.055828400)
(-0.042900630, 0.013813840, -0.043755390)
(-0.042900630, 0.013813840, -0.043755390)
(-0.012646240, -0.049480320, -0.013108310)
(-0.012646240, -0.049480320, -0.013108310)
(-0.002536318, 0.030999220, -0.032484140)
(-0.002536318, 0.030999220, -0.032484140)
(-0.007010636, -0.017079910, 0.029840410)
(-0.007010636, -0.017079910, 0.029840410)
(-0.034992160, 0.011839570, -0.034597240)
(-0.034992160, 0.011839570, -0.034597240)
(-0.018304010, -0.005601517, -0.033808700)
(-0.018304010, -0.005601517, -0.033808700)
(-0.106582300, 0.017444880, 0.015334310)
(-0.106582300, 0.017444880, 0.015334310)
(-0.046449690, -0.023292530, 0.019595070)
(-0.046449690, -0.023292530, 0.019595070)
(-0.084642050, 0.070686210, 0.067350510)
(-0.084642050, 0.070686210, 0.067350510)
(-0.038241930, 0.063233140, 0.107289500)
(-0.052037520, 0.034785120, 0.107111200)
(-0.052037520, 0.034785120, 0.107111200)
(-0.035534730, 0.077615150, 0.126464000)
(0.019722610, 0.057254490, 0.085503840)
(0.019722610, 0.057254490, 0.085503840)
(0.011396820, 0.042188250, 0.077138930)
(0.011396820, 0.042188250, 0.077138930)
(0.063087020, -0.069090220, 0.038663160)
(0.063087020, -0.069090220, 0.038663160)
(0.067828630, -0.086133850, -0.000301517)
(0.053195420, -0.034655000, 0.072946630)
(0.053195420, -0.034655000, 0.072946630)
(0.118686300, -0.005521385, -0.014893580)
(0.104717300, -0.025830500, 0.021024520)
(0.104717300, -0.025830500, 0.021024520)
(0.028033710, 0.020124590, 0.086122530)
(0.064500370, 0.039451360, 0.080458970)
(0.064500370, 0.039451360, 0.080458970)
(0.142110800, -0.106598400, -0.031677030)
(0.142110800, -0.106598400, -0.031677030)
(0.093298660, 0.021956300, 0.037880320)
(0.093298660, 0.021956300, 0.037880320)
(0.042822570, 0.107876100, -0.009503435)
(0.029439850, -0.048108640, -0.115972200)
(0.029439850, -0.048108640, -0.115972200)
(-0.045379400, -0.059024300, -0.061692250)
(0.076257770, -0.020834350, -0.031211170)
(0.076257770, -0.020834350, -0.031211170)
(0.046982300, -0.058155150, 0.006910714)
(0.046982300, -0.058155150, 0.006910714)
(-0.015157100, 0.048274110, -0.002331222)
(-0.037820940, -0.035088680, -0.053095600)
(-0.037820940, -0.035088680, -0.053095600)
(-0.015672820, -0.066653150, -0.037808350)
(-0.015672820, -0.066653150, -0.037808350)
(0.004684257, -0.052466310, -0.062776800)
(0.022883570, -0.073439190, -0.072732630)
(0.022883570, -0.073439190, -0.072732630)
(-0.013479910, 0.058814440, 0.010141230)
(-0.013479910, 0.058814440, 0.010141230)
(-0.018685380, 0.044630230, 0.007161759)
(0.029745120, -0.008374389, -0.056442960)
(0.029745120, -0.008374389, -0.056442960)
(-0.026273080, -0.005655441, -0.000352377)
(-0.026273080, -0.005655441, -0.000352377)
(-0.010050270, 0.004371771, -0.005898560)
(-0.026899190, -0.023365130, -0.026967330)
(-0.026899190, -0.023365130, -0.026967330)
(-0.037545670, -0.026961300, -0.033660450)
(-0.037545670, -0.026961300, -0.033660450)
(0.012270520, -0.039293570, -0.085773260)
(0.012270520, -0.039293570, -0.085773260)
(-0.005217114, -0.051425950, -0.109020900)
(0.028852240, -0.037967890, -0.098121390)
(0.028852240, -0.037967890, -0.098121390)
(0.028491980, -0.067432830, -0.098114390)
(0.028491980, -0.067432830, -0.098114390)
(-0.014814250, -0.060121310, -0.091296300)
(0.016396650, -0.018082480, -0.051195180)
(0.016396650, -0.018082480, -0.051195180)
(0.010781420, -0.039189900, -0.048438160)
(-0.024585720, -0.062432300, -0.090705040)
(-0.024585720, -0.062432300, -0.090705040)
(0.020438050, 0.011385030, 0.005497705)
(0.020438050, 0.011385030, 0.005497705)
(0.002315755, -0.058707620, -0.028996840)
(-0.015894850, -0.028123500, -0.013341610)
(-0.015894850, -0.028123500, -0.013341610)
(-0.006700214, 0.006668227, 0.056448410)
(-0.006700214, 0.006668227, 0.056448410)
(-0.013437100, 0.006513749, 0.033709660)
(0.009730760, 0.020931010, 0.021479100)
(0.009730760, 0.020931010, 0.021479100)
(-0.015785380, -0.007869772, 0.089812640)
(-0.031025830, 0.046277460, 0.057181750)
(-0.031025830, 0.046277460, 0.057181750)
(-0.010361330, 0.027809540, 0.087853880)
(-0.010361330, 0.027809540, 0.087853880)
(-0.006974519, 0.003292808, 0.098574560)
(-0.016316990, -0.007930964, 0.098721310)
(-0.016316990, -0.007930964, 0.098721310)
(-0.000156216, -0.004221280, 0.100854100)
(0.013487550, 0.035752080, 0.066428450)
(0.013487550, 0.035752080, 0.066428450)
(-0.258914800, 0.204063500, 0.472888300)
(-0.258914800, 0.204063500, 0.472888300)
(0.095252120, -0.139185200, 0.021966220)
(0.018373340, 0.031600480, 0.068114440)
(0.018373340, 0.031600480, 0.068114440)
(0.011624900, 0.050972290, 0.053278230)
(0.011624900, 0.050972290, 0.053278230)
(0.043786200, -0.086008480, -0.050830310)
(-0.011478070, -0.053624530, -0.047097550)
(-0.011478070, -0.053624530, -0.047097550)
(0.033940440, -0.021811420, 0.022883460)
(0.033940440, -0.021811420, 0.022883460)
(0.010895900, 0.038199830, 0.058903520)
(-0.034267400, 0.038026410, 0.041660440)
