(-0.076322300, -0.083250510, 0.019477740)
(-0.076322300, -0.083250510, 0.019477740)
(-0.076322300, -0.083250510, 0.019477740)
(-0.076322300, -0.083250510, 0.019477740)
(-0.076322300, -0.083250510, 0.019477740)
(-0.076322300, -0.083250510, 0.019477740)
(-0.076322300, -0.083250510, 0.019477740)
(-0.076322300, -0.083250510, 0.019477740)
(-0.076322300, -0.083250510, 0.019477740)
(-0.076322300, -0.083250510, 0.019477740)
(-0.076322300, -0.083250510, 0.019477740)
(-0.076322300, -0.083250510, 0.019477740)
(-0.076322300, -0.083250510, 0.019477740)
(-0.076322300, -0.083250510, 0.019477740)
(-0.076322300, -0.083250510, 0.019477740)
(-0.076322300, -0.083250510, 0.019477740)
(-0.076322300, -0.083250510, 0.019477740)
(-0.076322300, -0.083250510, 0.019477740)
(-0.076322300, -0.083250510, 0.019477740)
(-0.076322300, -0.083250510, 0.019477740)
