(0.011744130, 0.241868400, 0.968590300)
(-0.001331909, 0.428668200, 0.902074600)
(-0.002104860, 0.515848300, 0.856641700)
(-0.009218955, 0.499130700, 0.866439300)
(-0.012052440, 0.494320700, 0.869132400)
(-0.173336800, 0.526139000, 0.825427400)
(-0.489373700, 0.572734900, 0.652799700)
(-0.543763800, 0.629919400, 0.554099600)
(-0.505115200, 0.637988200, 0.581090500)
(-0.396144700, 0.622657700, 0.666076400)
(0.039153010, 0.613194800, 0.778260300)
(0.442563400, 0.578847700, 0.678416400)
(0.582090300, 0.568750200, 0.580749300)
(0.547495000, 0.594023700, 0.588843500)
(0.382919500, 0.608509500, 0.687348200)
(0.018317860, 0.624036700, 0.775952900)
(-0.099569280, 0.614777700, 0.782206200)
(-0.054006320, 0.618591200, 0.783804800)
(-0.047181730, 0.603934400, 0.795547500)
(-0.030808370, 0.498909500, 0.864212500)
