(0.037689500, -0.169573600, -0.054841780)
(0.051404130, -0.160084200, -0.053996110)
(0.028607370, -0.144655900, -0.185451600)
(0.035423550, -0.146907800, -0.177723200)
(0.035423550, -0.146907800, -0.177723200)
(0.000292400, -0.055539920, -0.140790000)
(0.000292400, -0.055539920, -0.140790000)
(0.002450509, -0.015632180, -0.161947900)
(-0.026553080, 0.044799200, -0.177041600)
(-0.026553080, 0.044799200, -0.177041600)
(-0.018785540, 0.052171790, -0.177854300)
(-0.036890500, 0.072095510, -0.156821900)
(-0.036890500, 0.072095510, -0.156821900)
(-0.041931840, 0.131828900, -0.153418900)
(-0.011379790, 0.224569500, -0.077849860)
(-0.011379790, 0.224569500, -0.077849860)
(-0.020782990, 0.217632200, -0.050584660)
(-0.020782990, 0.217632200, -0.050584660)
(-0.011139850, 0.208223300, -0.075573480)
(-0.015684380, 0.127818400, -0.004551582)
(-0.033394240, 0.108585200, -0.010993220)
(-0.023883730, 0.150672600, -0.042687660)
(-0.023883730, 0.150672600, -0.042687660)
(-0.004962879, 0.111204800, -0.047634800)
(-0.004962879, 0.111204800, -0.047634800)
(-0.049714560, 0.092491520, -0.010513010)
(-0.049714560, 0.092491520, -0.010513010)
(0.056808150, -0.132034200, -0.028571040)
(0.079323800, -0.170589600, -0.077446770)
(0.079323800, -0.170589600, -0.077446770)
(-0.035462250, -0.069643760, -0.012982860)
(-0.010641810, -0.043996320, -0.000321015)
(-0.010641810, -0.043996320, -0.000321015)
(-0.029306180, -0.028097000, -0.016650270)
(-0.021022400, 0.071902330, 0.003953995)
(-0.021022400, 0.071902330, 0.003953995)
(0.010914860, 0.078513330, 0.017348460)
(0.010914860, 0.078513330, 0.017348460)
(0.010914860, 0.078513330, 0.017348460)
(0.005490430, 0.034469060, -0.054075220)
(-0.030597660, 0.132595100, 0.012017870)
(-0.030597660, 0.132595100, 0.012017870)
(-0.049108100, 0.159312900, 0.072622060)
(-0.049108100, 0.159312900, 0.072622060)
(-0.059437480, 0.151530800, -0.006655524)
(-0.059437480, 0.151530800, -0.006655524)
(-0.017139620, 0.159201400, -0.003004632)
(-0.043473970, 0.137759900, -0.023380110)
(-0.043473970, 0.137759900, -0.023380110)
(-0.029978400, 0.108074200, -0.047466520)
(0.027246380, 0.046299250, -0.022713220)
(-0.020794350, 0.041775960, -0.024879750)
(-0.020794350, 0.041775960, -0.024879750)
(0.000650186, 0.117305900, -0.006042924)
(0.000650186, 0.117305900, -0.006042924)
(-0.010095330, 0.106423200, 0.015455870)
(-0.014281220, 0.104150700, -0.007370489)
(-0.014281220, 0.104150700, -0.007370489)
(0.008112067, 0.006299610, 0.036791030)
(0.008112067, 0.006299610, 0.036791030)
(0.014217880, -0.049650010, -0.027093150)
(-0.053734190, 0.061676640, -0.001270747)
(-0.037742220, 0.043812520, 0.007812476)
(-0.037742220, 0.043812520, 0.007812476)
(-0.037742220, 0.043812520, 0.007812476)
(-0.003509822, -0.075839800, -0.033226420)
(-0.011788710, -0.127234800, -0.014194040)
(-0.011788710, -0.127234800, -0.014194040)
(-0.045592960, -0.106458600, -0.030424500)
(-0.045592960, -0.106458600, -0.030424500)
(-0.016500880, -0.017259910, -0.030065140)
(0.009622267, -0.007905656, 0.016403400)
(-0.027160570, 0.006240289, -0.039236250)
(-0.027160570, 0.006240289, -0.039236250)
(-0.003585772, 0.046404470, 0.001282618)
(-0.003585772, 0.046404470, 0.001282618)
(-0.002455839, 0.044116910, 0.020926520)
(0.012027650, 0.024540950, 0.014412360)
(0.012027650, 0.024540950, 0.014412360)
(-0.003659067, 0.003584356, 0.031609420)
(-0.003659067, 0.003584356, 0.031609420)
(0.028147680, -0.015705210, -0.010729350)
(-0.024809720, 0.042111760, -0.015774160)
(-0.024809720, 0.042111760, -0.015774160)
(0.036938650, 0.055094140, 0.007874476)
(-0.036255740, 0.046672490, -0.090816270)
(-0.036255740, 0.046672490, -0.090816270)
(-0.096420720, 0.102043300, -0.099162210)
(-0.002906024, 0.122668100, 0.007997956)
(-0.050729350, 0.120764300, -0.062550970)
(-0.050729350, 0.120764300, -0.062550970)
(-0.008862676, -0.025209910, -0.044437100)
(-0.008862676, -0.025209910, -0.044437100)
(0.000960133, -0.049624830, -0.111342400)
(-0.071202600, 0.008172504, 0.009868893)
(-0.071202600, 0.008172504, 0.009868893)
(-0.000098919, -0.045610050, -0.115601400)
(-0.000098919, -0.045610050, -0.115601400)
(-0.002571023, 0.133082900, -0.032144960)
(-0.004405589, 0.109351400, 0.003863263)
(0.005374438, 0.099984360, -0.106418800)
(0.005374438, 0.099984360, -0.106418800)
(-0.036158350, 0.158806600, 0.084481620)
(-0.036158350, 0.158806600, 0.084481620)
(-0.036158350, 0.158806600, 0.084481620)
(-0.005991194, 0.104938500, -0.018827450)
(-0.005991194, 0.104938500, -0.018827450)
(-0.007991744, 0.083943450, 0.020385460)
(-0.007991744, 0.083943450, 0.020385460)
(-0.016112250, 0.082739080, 0.015574170)
(-0.026458220, 0.213804500, 0.023795150)
(-0.026458220, 0.213804500, 0.023795150)
(0.059971900, 0.144601900, 0.069547380)
(0.018503350, 0.166797900, 0.039927090)
(0.018503350, 0.166797900, 0.039927090)
(-0.097745800, 0.225602700, 0.026242390)
(-0.097745800, 0.225602700, 0.026242390)
(-0.028959850, 0.092229490, -0.008025076)
(-0.040753230, 0.050453960, -0.148835200)
(-0.022741630, 0.033137010, -0.137899900)
(-0.022741630, 0.033137010, -0.137899900)
(0.085316580, -0.040102180, -0.113067500)
(0.024315580, -0.118089400, -0.147349300)
(0.024315580, -0.118089400, -0.147349300)
(0.063425900, -0.140479000, -0.119802300)
(0.063425900, -0.140479000, -0.119802300)
(0.112153800, -0.123304200, -0.132279300)
(0.029295440, -0.143568900, -0.124294000)
(0.029295440, -0.143568900, -0.124294000)
(-0.000748814, -0.175643900, -0.138342000)
(0.028919170, -0.164470500, -0.103979700)
(0.028919170, -0.164470500, -0.103979700)
(0.036682170, -0.176291400, -0.080246190)
(0.036682170, -0.176291400, -0.080246190)
(0.008579425, -0.177207100, -0.076233550)
(0.012133690, -0.172405400, -0.082377660)
(0.012133690, -0.172405400, -0.082377660)
(-0.028461970, -0.148003500, -0.058695510)
(-0.035409190, -0.121010600, -0.012230550)
(-0.035409190, -0.121010600, -0.012230550)
(-0.022287840, -0.113338400, -0.002329569)
(-0.022287840, -0.113338400, -0.002329569)
(-0.008323553, -0.115378600, -0.009898164)
(0.019866570, -0.146259200, -0.065286960)
(0.019866570, -0.146259200, -0.065286960)
(-0.010413630, -0.152396800, -0.056618400)
(-0.014300870, -0.153896800, -0.053214630)
(-0.014300870, -0.153896800, -0.053214630)
(-0.015089790, -0.116714000, -0.034745440)
(-0.002581299, -0.086745750, -0.038536060)
(0.008540857, -0.050185120, -0.017649680)
(0.008540857, -0.050185120, -0.017649680)
(0.010084100, -0.044068880, -0.002006609)
(0.007042543, -0.000590263, 0.008610896)
(0.007042543, -0.000590263, 0.008610896)
(-0.011147910, 0.008501644, 0.007051043)
(-0.011147910, 0.008501644, 0.007051043)
(-0.008269997, 0.029421280, -0.004688701)
(-0.008122096, 0.033257200, -0.008955737)
(-0.008122096, 0.033257200, -0.008955737)
(0.005388313, 0.016095100, 0.013974300)
(0.010095710, 0.007017407, 0.002230863)
(0.010095710, 0.007017407, 0.002230863)
(0.013571730, -0.000315308, 0.002571230)
(0.013571730, -0.000315308, 0.002571230)
(0.025499070, -0.017338180, 0.004769903)
(0.018986330, -0.022610520, -0.014899810)
(0.021214460, -0.008016439, 0.008241744)
(0.021214460, -0.008016439, 0.008241744)
(0.019930970, -0.005115042, 0.025768120)
(-0.001221246, -0.006313303, 0.007500813)
(0.006331012, -0.014672800, 0.005726431)
(0.006331012, -0.014672800, 0.005726431)
(0.013148800, 0.010923090, 0.011099270)
(0.013148800, 0.010923090, 0.011099270)
(-0.003551255, 0.016148830, 0.008742569)
(0.002045779, -0.010539080, -0.000035884)
(0.002045779, -0.010539080, -0.000035884)
(0.007185220, 0.006187440, 0.008506938)
(0.008272343, -0.003667424, 0.000679373)
(0.008272343, -0.003667424, 0.000679373)
(-0.006102962, 0.005638927, -0.001326556)
(-0.006102962, 0.005638927, -0.001326556)
(0.013545040, -0.020575500, -0.002489541)
(0.013545040, -0.020575500, -0.002489541)
(0.005514593, -0.021958400, 0.002074294)
(0.001678611, -0.003631424, 0.005058145)
(0.003450683, 0.021232900, 0.008769215)
(0.003450683, 0.021232900, 0.008769215)
(0.003450683, 0.021232900, 0.008769215)
(-0.001744855, 0.011310760, 0.018293750)
(-0.014181730, 0.004506805, 0.014209740)
(-0.014181730, 0.004506805, 0.014209740)
(-0.001030589, 0.009863045, -0.001052220)
(-0.003378568, 0.020231830, 0.006857811)
(-0.003378568, 0.020231830, 0.006857811)
(0.007992401, 0.004578459, 0.019127170)
(0.005007874, 0.001040295, 0.024641600)
(0.005007874, 0.001040295, 0.024641600)
(-0.007072832, 0.005822512, 0.022772690)
(-0.010221270, -0.006751374, -0.025057720)
(-0.010221270, -0.006751374, -0.025057720)
(-0.017798500, -0.009993601, -0.019863530)
(-0.017798500, -0.009993601, -0.019863530)
(-0.014863270, -0.021143200, -0.022177630)
(-0.014863270, -0.021143200, -0.022177630)
(-0.032068310, -0.013048270, -0.010723700)
(-0.015412810, 0.004222162, -0.010525900)
