(-0.022819880, -0.035006840, -0.079542620)
(0.016545840, 0.047114140, 0.045052190)
(-0.002073529, 0.022907650, 0.031047310)
(0.014052030, 0.000640402, -0.003323749)
(-0.043473640, -0.005437863, 0.001511022)
(0.062234700, 0.001769625, 0.003895925)
(0.005961502, 0.007123425, 0.007945433)
(-0.009934384, 0.002426084, 0.006780941)
(0.023876110, -0.008525724, 0.008658858)
(-0.042349280, 0.000222328, -0.022536090)
(0.035450230, -0.004489590, -0.000015757)
(0.018077480, 0.001685468, 0.008351066)
(0.010833420, -0.001536009, 0.004522647)
(0.029525520, 0.004050555, 0.004576331)
(-0.009385147, 0.009194658, -0.002360578)
(0.009645787, -0.000831646, 0.006629458)
(0.009914389, -0.010079020, -0.005273231)
(0.010419110, 0.054627640, 0.041492420)
(0.001039479, -0.026992980, -0.009443725)
(0.001252521, -0.036047850, -0.039151940)
