(-0.023441960, -0.011590370, 0.056411160)
(-0.023441960, -0.011590370, 0.056411160)
(0.037048340, 0.016393810, 0.033854750)
(0.037048340, 0.016393810, 0.033854750)
(0.019252100, 0.074541430, 0.077553400)
(0.019252100, 0.074541430, 0.077553400)
(-0.039573430, 0.052775270, 0.186369900)
(-0.039573430, 0.052775270, 0.186369900)
(0.037001900, 0.013729190, 0.247231900)
(0.037001900, 0.013729190, 0.247231900)
(0.036101050, -0.039781320, 0.199339100)
(0.036101050, -0.039781320, 0.199339100)
(0.050773250, 0.167733800, 0.184511000)
(0.050773250, 0.167733800, 0.184511000)
(-0.002394290, 0.083166850, 0.078219260)
(-0.002394290, 0.083166850, 0.078219260)
(-0.003804902, -0.025538390, 0.031740000)
(-0.003804902, -0.025538390, 0.031740000)
(0.018605870, -0.047985350, 0.026768700)
(0.018605870, -0.047985350, 0.026768700)
(-0.001185684, -0.032914680, 0.015987820)
(-0.001185684, -0.032914680, 0.015987820)
(-0.013145210, -0.109355000, -0.059820080)
(-0.013145210, -0.109355000, -0.059820080)
(-0.004092013, -0.137428700, -0.121634000)
(-0.004092013, -0.137428700, -0.121634000)
(-0.005015757, -0.062888640, -0.106484300)
(-0.005015757, -0.062888640, -0.106484300)
(-0.005015757, -0.062888640, -0.106484300)
(-0.004715140, -0.046390710, -0.116736400)
(-0.028673490, -0.033027660, -0.102340400)
(-0.028673490, -0.033027660, -0.102340400)
(0.004743981, -0.038905070, -0.127908200)
(0.004743981, -0.038905070, -0.127908200)
(0.004743981, -0.038905070, -0.127908200)
(-0.019502020, -0.048942930, -0.125472700)
(0.006212403, -0.017499870, -0.129054300)
(0.006212403, -0.017499870, -0.129054300)
(0.000947861, 0.021628620, -0.162094000)
(0.000947861, 0.021628620, -0.162094000)
(-0.002462063, -0.020357740, -0.164607800)
(-0.002462063, -0.020357740, -0.164607800)
(0.036186290, -0.018868540, -0.131352100)
(0.036186290, -0.018868540, -0.131352100)
(-0.032809690, -0.053649230, -0.075211480)
(-0.032809690, -0.053649230, -0.075211480)
(-0.005622650, -0.045034390, -0.035976210)
(-0.005622650, -0.045034390, -0.035976210)
(-0.005622650, -0.045034390, -0.035976210)
(0.010189750, 0.016487720, 0.045971810)
(0.021530170, 0.012170450, -0.038016860)
(0.021530170, 0.012170450, -0.038016860)
(0.021530170, 0.012170450, -0.038016860)
(0.016279240, 0.003428760, -0.015141760)
(0.016279240, 0.003428760, -0.015141760)
(-0.004443163, 0.011036690, -0.003567046)
(-0.004443163, 0.011036690, -0.003567046)
(0.040847880, -0.014177700, 0.019020190)
(0.040847880, -0.014177700, 0.019020190)
(-0.020997290, -0.014030170, 0.027682530)
(-0.020997290, -0.014030170, 0.027682530)
(-0.049099670, 0.005054985, 0.036324940)
(-0.049099670, 0.005054985, 0.036324940)
(-0.137849000, 0.048959510, 0.079276730)
(-0.137849000, 0.048959510, 0.079276730)
(-0.225953400, 0.097401900, 0.049367900)
(-0.225953400, 0.097401900, 0.049367900)
(-0.280831200, 0.078826420, 0.012142450)
(-0.280831200, 0.078826420, 0.012142450)
(-0.217424100, -0.077713690, 0.049465340)
(-0.217424100, -0.077713690, 0.049465340)
(-0.045731890, -0.053128520, 0.240201700)
(-0.045731890, -0.053128520, 0.240201700)
(-0.010380010, -0.074995290, 0.208518000)
(-0.010380010, -0.074995290, 0.208518000)
(-0.037588890, -0.006618144, 0.034232850)
(-0.037588890, -0.006618144, 0.034232850)
(0.111878200, 0.056517750, 0.239468000)
(0.111878200, 0.056517750, 0.239468000)
(0.072514970, 0.068347810, 0.140522500)
(0.072514970, 0.068347810, 0.140522500)
(0.193381400, -0.040134420, 0.181489400)
(0.193381400, -0.040134420, 0.181489400)
(0.169380600, 0.012534940, 0.118886100)
(0.169380600, 0.012534940, 0.118886100)
(0.001788823, -0.048475360, -0.019707350)
(0.001788823, -0.048475360, -0.019707350)
(0.110161400, -0.081337360, 0.047107810)
(0.110161400, -0.081337360, 0.047107810)
(0.049116270, -0.009542286, -0.081914860)
(0.049116270, -0.009542286, -0.081914860)
(0.049116270, -0.009542286, -0.081914860)
(0.064847750, -0.085007290, -0.045222470)
(0.165721600, -0.102413900, -0.025983180)
(0.165721600, -0.102413900, -0.025983180)
(0.113075000, -0.011091200, -0.107052700)
(0.113075000, -0.011091200, -0.107052700)
(0.113075000, -0.011091200, -0.107052700)
(0.115227800, -0.022434120, -0.060118540)
(0.115227800, -0.022434120, -0.060118540)
(0.079748230, -0.030774670, -0.124162300)
(0.079748230, -0.030774670, -0.124162300)
(0.037344270, -0.112863600, -0.066660780)
(0.037344270, -0.112863600, -0.066660780)
(0.035990040, 0.052140680, -0.025429010)
(0.035990040, 0.052140680, -0.025429010)
(0.056068270, 0.024026940, -0.039619590)
(0.056068270, 0.024026940, -0.039619590)
(0.025664840, -0.024401400, -0.030950930)
(0.025664840, -0.024401400, -0.030950930)
(0.027953730, 0.058805160, -0.004446360)
(0.027953730, 0.058805160, -0.004446360)
(0.042158440, -0.006853289, -0.026095790)
(0.042158440, -0.006853289, -0.026095790)
(0.001018889, -0.024530100, 0.027073520)
(0.001018889, -0.024530100, 0.027073520)
(0.027192210, 0.023688520, 0.027564670)
(0.027192210, 0.023688520, 0.027564670)
(0.035411200, 0.034933320, 0.028412520)
(0.035411200, 0.034933320, 0.028412520)
(0.062214710, 0.057055190, 0.037762840)
(0.062214710, 0.057055190, 0.037762840)
(0.111650200, -0.015192570, 0.024992610)
(0.111650200, -0.015192570, 0.024992610)
(0.166440900, -0.069019910, 0.069160730)
(0.166440900, -0.069019910, 0.069160730)
(0.062610700, 0.055590390, 0.068812040)
(0.062610700, 0.055590390, 0.068812040)
(0.121259300, 0.013963750, 0.075615940)
(0.121259300, 0.013963750, 0.075615940)
(0.121259300, 0.013963750, 0.075615940)
(0.134702100, -0.006513117, 0.145450600)
(0.100234100, 0.068940020, 0.088925350)
(0.100234100, 0.068940020, 0.088925350)
(0.097242740, -0.057365450, 0.016971770)
(0.097242740, -0.057365450, 0.016971770)
(0.097242740, -0.057365450, 0.016971770)
(-0.002861155, -0.060938770, 0.090926130)
(0.057088320, 0.006599911, 0.059893990)
(0.057088320, 0.006599911, 0.059893990)
(0.057088320, 0.006599911, 0.059893990)
(0.050182010, -0.036638370, 0.066136230)
(0.001810278, -0.106737700, 0.079172190)
(0.001810278, -0.106737700, 0.079172190)
(0.001810278, -0.106737700, 0.079172190)
(0.039071330, -0.030583140, 0.144257500)
(0.039071330, -0.030583140, 0.144257500)
(0.000107556, -0.056772290, 0.060431580)
(0.000107556, -0.056772290, 0.060431580)
(-0.151062000, -0.015672150, 0.040470120)
(-0.151062000, -0.015672150, 0.040470120)
(-0.149628800, -0.018677010, 0.056457650)
(-0.149628800, -0.018677010, 0.056457650)
(-0.051800770, -0.041490100, 0.075206910)
(-0.051800770, -0.041490100, 0.075206910)
(-0.104279500, -0.058471740, 0.044767980)
(-0.104279500, -0.058471740, 0.044767980)
(-0.113071600, -0.062115520, 0.013186350)
(-0.113071600, -0.062115520, 0.013186350)
(-0.077588650, 0.091821580, 0.050569400)
(-0.077588650, 0.091821580, 0.050569400)
(-0.129664300, 0.024786600, 0.019805570)
(-0.129664300, 0.024786600, 0.019805570)
(-0.087693950, 0.029632110, 0.034057120)
(-0.087693950, 0.029632110, 0.034057120)
(-0.106751800, 0.055239280, -0.015416680)
(-0.106751800, 0.055239280, -0.015416680)
(-0.071700160, -0.005117904, -0.018414830)
(-0.071700160, -0.005117904, -0.018414830)
(-0.025000000, -0.042602180, -0.013086770)
(-0.025000000, -0.042602180, -0.013086770)
(-0.032915970, -0.020736230, -0.041072130)
(-0.032915970, -0.020736230, -0.041072130)
(-0.001430757, -0.019145400, -0.038655680)
(-0.001430757, -0.019145400, -0.038655680)
(0.017373110, 0.019783490, 0.000865602)
(0.017373110, 0.019783490, 0.000865602)
(0.054540410, -0.036676200, -0.040934240)
(0.054540410, -0.036676200, -0.040934240)
(0.020383410, 0.000652289, 0.027705140)
(0.020383410, 0.000652289, 0.027705140)
(0.020119870, 0.024568220, 0.023332210)
(0.020119870, 0.024568220, 0.023332210)
(0.020119870, 0.024568220, 0.023332210)
(0.006932303, -0.000223621, -0.010400640)
(0.018433840, -0.033945870, -0.003087226)
(0.018433840, -0.033945870, -0.003087226)
(-0.036089360, 0.025013040, 0.021876310)
(-0.036089360, 0.025013040, 0.021876310)
(-0.036089360, 0.025013040, 0.021876310)
(-0.071550370, 0.040630340, 0.051418800)
(-0.071550370, 0.040630340, 0.051418800)
(-0.137007900, 0.117347900, 0.035398360)
(-0.137007900, 0.117347900, 0.035398360)
(-0.116947900, 0.087054940, 0.051281490)
(-0.116947900, 0.087054940, 0.051281490)
(-0.105746900, -0.007180917, 0.063663460)
(-0.105746900, -0.007180917, 0.063663460)
(-0.076136110, 0.021994130, 0.069345010)
(-0.076136110, 0.021994130, 0.069345010)
(-0.009525219, 0.040907060, 0.106567700)
(-0.009525219, 0.040907060, 0.106567700)
(-0.009525219, 0.040907060, 0.106567700)
(-0.009525219, 0.040907060, 0.106567700)
(0.050711510, -0.023303570, 0.038130630)
(0.050711510, -0.023303570, 0.038130630)
(0.149235600, -0.056935430, -0.004269077)
(0.149235600, -0.056935430, -0.004269077)
(0.149235600, -0.056935430, -0.004269077)
(0.094170100, -0.100980200, -0.010588140)
(0.107175000, -0.142575700, -0.079374160)
(0.107175000, -0.142575700, -0.079374160)
(0.168639400, -0.009616243, -0.015333440)
(0.168639400, -0.009616243, -0.015333440)
(0.115651300, 0.000740201, -0.003622672)
(0.115651300, 0.000740201, -0.003622672)
(0.123657700, 0.034715930, -0.000745112)
(0.123657700, 0.034715930, -0.000745112)
(0.082045540, 0.022979150, 0.007950000)
(0.082045540, 0.022979150, 0.007950000)
(0.069455480, 0.014515730, 0.015644050)
(0.069455480, 0.014515730, 0.015644050)
(0.013830860, 0.057805310, 0.015291720)
(0.013830860, 0.057805310, 0.015291720)
(0.019393180, 0.017841070, -0.032054690)
(0.019393180, 0.017841070, -0.032054690)
(0.000975923, -0.011446490, -0.023462470)
(0.000975923, -0.011446490, -0.023462470)
(-0.026368140, -0.035392670, -0.049885260)
(-0.026368140, -0.035392670, -0.049885260)
(-0.026029820, -0.046137140, -0.031933810)
(-0.026029820, -0.046137140, -0.031933810)
(-0.014264780, 0.004674649, -0.002900996)
(-0.014264780, 0.004674649, -0.002900996)
(-0.005908643, 0.056103910, 0.030197560)
(-0.005908643, 0.056103910, 0.030197560)
(0.027368000, 0.025998640, 0.022900480)
(0.027368000, 0.025998640, 0.022900480)
(0.015690110, 0.020447450, 0.032401580)
(0.015690110, 0.020447450, 0.032401580)
(0.016284380, -0.011659470, 0.016217420)
(0.016284380, -0.011659470, 0.016217420)
(0.009808529, 0.022937960, 0.013063870)
(0.009808529, 0.022937960, 0.013063870)
(0.009808529, 0.022937960, 0.013063870)
(0.015273760, 0.032783130, 0.002984532)
(0.015273760, 0.032783130, 0.002984532)
(0.010803510, 0.014574710, -0.005623349)
(0.010803510, 0.014574710, -0.005623349)
(0.017755760, 0.007962692, -0.039576710)
(0.017755760, 0.007962692, -0.039576710)
(0.011610300, -0.045796820, -0.066886010)
(0.011610300, -0.045796820, -0.066886010)
(0.011610300, -0.045796820, -0.066886010)
(0.011610300, -0.045796820, -0.066886010)
(0.019606330, -0.033082260, -0.112896700)
(0.019606330, -0.033082260, -0.112896700)
(0.013748750, -0.034558680, -0.150470200)
(0.013748750, -0.034558680, -0.150470200)
(0.016623460, -0.051695380, -0.155803300)
(0.016623460, -0.051695380, -0.155803300)
(0.020337270, -0.091094750, -0.180391000)
(0.020337270, -0.091094750, -0.180391000)
(0.001822085, -0.058426860, -0.119104100)
(0.001822085, -0.058426860, -0.119104100)
(0.000835579, -0.068513980, -0.126968600)
(0.000835579, -0.068513980, -0.126968600)
(-0.021111820, -0.053946610, -0.002298547)
(-0.021111820, -0.053946610, -0.002298547)
(-0.012951140, 0.012505470, 0.061456080)
(-0.012951140, 0.012505470, 0.061456080)
(-0.000196107, 0.065007930, 0.082583830)
(-0.000196107, 0.065007930, 0.082583830)
(-0.015731580, 0.078379420, 0.109013800)
(-0.015731580, 0.078379420, 0.109013800)
(-0.026357470, 0.066912190, 0.119768400)
(-0.026357470, 0.066912190, 0.119768400)
(-0.026357470, 0.066912190, 0.119768400)
(-0.001705628, 0.076001320, 0.115523300)
(0.001706842, 0.025999520, 0.117708000)
(0.001706842, 0.025999520, 0.117708000)
(0.021508620, 0.015869000, 0.084298600)
(0.021508620, 0.015869000, 0.084298600)
(0.021508620, 0.015869000, 0.084298600)
(0.019851030, 0.039891670, 0.072983820)
(-0.008402104, 0.052247650, 0.078169950)
(-0.008402104, 0.052247650, 0.078169950)
(0.050323150, 0.042555090, 0.039564360)
(0.050323150, 0.042555090, 0.039564360)
(0.050323150, 0.042555090, 0.039564360)
(0.009964837, 0.054508850, 0.115458400)
(0.013159770, 0.038056190, 0.106067000)
(0.013159770, 0.038056190, 0.106067000)
(0.049431530, -0.039941000, 0.028211950)
(0.049431530, -0.039941000, 0.028211950)
(0.004363453, -0.018768610, -0.039203370)
