(-0.020888720, 0.108650200, 0.993860500)
(-0.020888720, 0.108650200, 0.993860500)
(-0.017553440, 0.097183180, 0.995111800)
(-0.017553440, 0.097183180, 0.995111800)
(-0.016890970, 0.090191350, 0.995781200)
(-0.006271629, 0.070635110, 0.997482400)
(-0.006271629, 0.070635110, 0.997482400)
(-0.006271629, 0.070635110, 0.997482400)
(-0.000299440, 0.068023900, 0.997683600)
(0.009531183, 0.068103100, 0.997632800)
(0.009531183, 0.068103100, 0.997632800)
(0.041797100, 0.080723290, 0.995859700)
(0.041797100, 0.080723290, 0.995859700)
(0.043185200, 0.095678300, 0.994475100)
(0.043185200, 0.095678300, 0.994475100)
(0.030556000, 0.124493800, 0.991749800)
(0.030556000, 0.124493800, 0.991749800)
(0.031921490, 0.132714800, 0.990640200)
(0.031921490, 0.132714800, 0.990640200)
(0.037080440, 0.150594600, 0.987900000)
(0.052359750, 0.204664100, 0.977430800)
(0.052359750, 0.204664100, 0.977430800)
(0.055226800, 0.215061900, 0.975037600)
(0.055226800, 0.215061900, 0.975037600)
(0.056420830, 0.245910300, 0.967649200)
(0.052595610, 0.279763200, 0.958627300)
(0.052595610, 0.279763200, 0.958627300)
(0.052595610, 0.279763200, 0.958627300)
(0.054913790, 0.301614000, 0.951847400)
(0.056646940, 0.311367600, 0.948599700)
(0.056646940, 0.311367600, 0.948599700)
(0.059819680, 0.324580200, 0.943964700)
(0.059819680, 0.324580200, 0.943964700)
(0.060858400, 0.326055700, 0.943389700)
(0.060858400, 0.326055700, 0.943389700)
(0.059926020, 0.342047900, 0.937769700)
(0.059926020, 0.342047900, 0.937769700)
(0.055578430, 0.347045800, 0.936200000)
(0.055578430, 0.347045800, 0.936200000)
(0.053428960, 0.346934400, 0.936366300)
(0.050917370, 0.348627500, 0.935877300)
(0.050917370, 0.348627500, 0.935877300)
(0.050917370, 0.348627500, 0.935877300)
(0.048963210, 0.346899700, 0.936623300)
(0.043159340, 0.339907600, 0.939468000)
(0.043159340, 0.339907600, 0.939468000)
(0.043165100, 0.338190000, 0.940087300)
(0.043165100, 0.338190000, 0.940087300)
(0.043297970, 0.337764000, 0.940234400)
(0.043297970, 0.337764000, 0.940234400)
(0.042811460, 0.336021200, 0.940881000)
(0.042811460, 0.336021200, 0.940881000)
(0.044441610, 0.334355400, 0.941398600)
(0.044441610, 0.334355400, 0.941398600)
(0.045823310, 0.332929800, 0.941837600)
(0.050181210, 0.330004600, 0.942644500)
(0.050181210, 0.330004600, 0.942644500)
(0.050044550, 0.327651700, 0.943472300)
(0.050044550, 0.327651700, 0.943472300)
(0.050386680, 0.326109800, 0.943988100)
(0.050386680, 0.326109800, 0.943988100)
(0.054301530, 0.322783000, 0.944914000)
(0.054301530, 0.322783000, 0.944914000)
(0.056458810, 0.322493100, 0.944886500)
(0.056458810, 0.322493100, 0.944886500)
(0.052807000, 0.324348900, 0.944462300)
(0.052807000, 0.324348900, 0.944462300)
(0.040303690, 0.330755800, 0.942855300)
(0.040303690, 0.330755800, 0.942855300)
(0.027888470, 0.337196500, 0.941021100)
(-0.005721901, 0.355401500, 0.934696200)
(-0.005721901, 0.355401500, 0.934696200)
(-0.005721901, 0.355401500, 0.934696200)
(-0.046472040, 0.373960700, 0.926279500)
(-0.072986090, 0.384039200, 0.920427600)
(-0.072986090, 0.384039200, 0.920427600)
(-0.155127100, 0.407753800, 0.899818000)
(-0.155127100, 0.407753800, 0.899818000)
(-0.180734900, 0.418718000, 0.889949500)
(-0.180734900, 0.418718000, 0.889949500)
(-0.228928200, 0.441700200, 0.867463300)
(-0.277380900, 0.458746200, 0.844163400)
(-0.277380900, 0.458746200, 0.844163400)
(-0.317588500, 0.473119100, 0.821763900)
(-0.317588500, 0.473119100, 0.821763900)
(-0.333039800, 0.476820100, 0.813466000)
(-0.333039800, 0.476820100, 0.813466000)
(-0.355018200, 0.487135900, 0.797910300)
(-0.355018200, 0.487135900, 0.797910300)
(-0.362875500, 0.493616400, 0.790357100)
(-0.381395300, 0.508380000, 0.772067100)
(-0.381395300, 0.508380000, 0.772067100)
(-0.381395300, 0.508380000, 0.772067100)
(-0.384923300, 0.511860100, 0.768006000)
(-0.387175300, 0.515125500, 0.764683500)
(-0.387175300, 0.515125500, 0.764683500)
(-0.387733400, 0.525743100, 0.757137200)
(-0.387733400, 0.525743100, 0.757137200)
(-0.388288600, 0.529389000, 0.754307100)
(-0.388288600, 0.529389000, 0.754307100)
(-0.388946100, 0.529912600, 0.753600400)
(-0.388946100, 0.529912600, 0.753600400)
(-0.385121800, 0.531399100, 0.754517300)
(-0.385275500, 0.530558200, 0.755030400)
(-0.385275500, 0.530558200, 0.755030400)
(-0.380574500, 0.527890300, 0.759272500)
(-0.380574500, 0.527890300, 0.759272500)
(-0.370282200, 0.527732600, 0.764453600)
(-0.370282200, 0.527732600, 0.764453600)
(-0.366317400, 0.530299600, 0.764587500)
(-0.366317400, 0.530299600, 0.764587500)
(-0.360354200, 0.530004700, 0.767619600)
(-0.360354200, 0.530004700, 0.767619600)
(-0.357953100, 0.524348500, 0.772611300)
(-0.356514500, 0.519142300, 0.776781000)
(-0.356514500, 0.519142300, 0.776781000)
(-0.357343300, 0.515578400, 0.778771300)
(-0.357343300, 0.515578400, 0.778771300)
(-0.361269600, 0.511264300, 0.779803300)
(-0.361269600, 0.511264300, 0.779803300)
(-0.365216400, 0.510569600, 0.778418600)
(-0.365216400, 0.510569600, 0.778418600)
(-0.362226400, 0.509263200, 0.780668300)
(-0.362226400, 0.509263200, 0.780668300)
(-0.360137100, 0.506703200, 0.783296300)
(-0.360137100, 0.506703200, 0.783296300)
(-0.357639900, 0.505463700, 0.785239000)
(-0.352336100, 0.504379500, 0.788327700)
(-0.352336100, 0.504379500, 0.788327700)
(-0.337034400, 0.499268500, 0.798209800)
(-0.337034400, 0.499268500, 0.798209800)
(-0.311386300, 0.498295800, 0.809159900)
(-0.311386300, 0.498295800, 0.809159900)
(-0.296562700, 0.500285000, 0.813489800)
(-0.296562700, 0.500285000, 0.813489800)
(-0.244024800, 0.510980400, 0.824227500)
(-0.244024800, 0.510980400, 0.824227500)
(-0.178164100, 0.517846900, 0.836715200)
(-0.107811900, 0.515888200, 0.849844800)
(-0.107811900, 0.515888200, 0.849844800)
(-0.107811900, 0.515888200, 0.849844800)
(-0.076288300, 0.511688200, 0.855777600)
(-0.019658410, 0.507871400, 0.861208400)
(-0.019658410, 0.507871400, 0.861208400)
(0.052867950, 0.502339700, 0.863052700)
(0.052867950, 0.502339700, 0.863052700)
(0.052867950, 0.502339700, 0.863052700)
(0.127777100, 0.508172800, 0.851723800)
(0.161318000, 0.511664500, 0.843905300)
(0.161318000, 0.511664500, 0.843905300)
(0.265213500, 0.518657100, 0.812807900)
(0.265213500, 0.518657100, 0.812807900)
(0.296255500, 0.524287100, 0.798345600)
(0.353900200, 0.527871800, 0.772079000)
(0.353900200, 0.527871800, 0.772079000)
(0.353900200, 0.527871800, 0.772079000)
(0.401916900, 0.525693100, 0.749739600)
(0.424640200, 0.525522200, 0.737229200)
(0.424640200, 0.525522200, 0.737229200)
(0.466203700, 0.525929000, 0.711373800)
(0.466203700, 0.525929000, 0.711373800)
(0.500029300, 0.525330800, 0.688475300)
(0.500029300, 0.525330800, 0.688475300)
(0.528032800, 0.528664800, 0.664601300)
(0.561027200, 0.525485500, 0.639619800)
(0.561027200, 0.525485500, 0.639619800)
(0.561027200, 0.525485500, 0.639619800)
(0.588225500, 0.526417600, 0.613901700)
(0.601978500, 0.528574700, 0.598523700)
(0.601978500, 0.528574700, 0.598523700)
(0.621134200, 0.533623500, 0.573967200)
(0.621134200, 0.533623500, 0.573967200)
(0.623578100, 0.539287100, 0.565967800)
(0.623578100, 0.539287100, 0.565967800)
(0.617103000, 0.561060900, 0.551719600)
(0.617103000, 0.561060900, 0.551719600)
(0.613082700, 0.566692200, 0.550444800)
(0.609402100, 0.571374300, 0.549691300)
(0.609402100, 0.571374300, 0.549691300)
(0.605824200, 0.576693800, 0.548088800)
(0.605824200, 0.576693800, 0.548088800)
(0.602640000, 0.576291400, 0.552008300)
(0.602640000, 0.576291400, 0.552008300)
(0.593725600, 0.579390300, 0.558387700)
(0.593725600, 0.579390300, 0.558387700)
(0.588508900, 0.578721900, 0.564569100)
(0.588508900, 0.578721900, 0.564569100)
(0.586525300, 0.576725000, 0.568661900)
(0.585206500, 0.573351300, 0.573412300)
(0.585206500, 0.573351300, 0.573412300)
(0.585206500, 0.573351300, 0.573412300)
(0.585301000, 0.570636500, 0.576018000)
(0.581042500, 0.570099100, 0.580841400)
(0.581042500, 0.570099100, 0.580841400)
(0.577187500, 0.570181700, 0.584591600)
(0.577187500, 0.570181700, 0.584591600)
(0.572833800, 0.568292700, 0.590681600)
(0.572833800, 0.568292700, 0.590681600)
(0.554879400, 0.558195500, 0.616868400)
(0.554879400, 0.558195500, 0.616868400)
(0.520567500, 0.552011000, 0.651378100)
(0.520567500, 0.552011000, 0.651378100)
(0.498485100, 0.548557100, 0.671265800)
(0.418540100, 0.541919300, 0.728798700)
(0.418540100, 0.541919300, 0.728798700)
(0.389562600, 0.542618900, 0.744181300)
(0.389562600, 0.542618900, 0.744181300)
(0.322816300, 0.540308800, 0.777081600)
(0.322816300, 0.540308800, 0.777081600)
(0.243189200, 0.538849700, 0.806535800)
(0.243189200, 0.538849700, 0.806535800)
(0.173720200, 0.538467700, 0.824544500)
(0.141355600, 0.536152600, 0.832201300)
(0.141355600, 0.536152600, 0.832201300)
(0.085287150, 0.533722900, 0.841347800)
(0.085287150, 0.533722900, 0.841347800)
(0.085287150, 0.533722900, 0.841347800)
(0.042898960, 0.535099600, 0.843699000)
(0.025448130, 0.538525400, 0.842224900)
(0.025448130, 0.538525400, 0.842224900)
(0.002966772, 0.542443500, 0.840087000)
(0.002966772, 0.542443500, 0.840087000)
(-0.009970326, 0.537242800, 0.843368600)
(-0.009970326, 0.537242800, 0.843368600)
(-0.010862460, 0.535203000, 0.844653600)
(-0.010862460, 0.535203000, 0.844653600)
(-0.008207086, 0.535908600, 0.844236100)
(-0.006067616, 0.536434700, 0.843920100)
(-0.006067616, 0.536434700, 0.843920100)
(0.000877818, 0.539310500, 0.842106600)
(0.000877818, 0.539310500, 0.842106600)
(0.005500385, 0.540277500, 0.841468900)
(0.005500385, 0.540277500, 0.841468900)
(0.023291410, 0.534172800, 0.845054300)
(0.023291410, 0.534172800, 0.845054300)
(0.028099340, 0.532589900, 0.845906900)
(0.028099340, 0.532589900, 0.845906900)
(0.037142550, 0.532970000, 0.845318400)
(0.037142550, 0.532970000, 0.845318400)
(0.038916610, 0.534070100, 0.844544000)
(0.038916610, 0.534070100, 0.844544000)
(0.037818240, 0.533247600, 0.845113500)
(0.038405610, 0.530954200, 0.846529800)
(0.038405610, 0.530954200, 0.846529800)
(0.037878850, 0.527355300, 0.848800100)
(0.037878850, 0.527355300, 0.848800100)
(0.038619670, 0.523814300, 0.850956500)
(0.038619670, 0.523814300, 0.850956500)
(0.038194780, 0.521540800, 0.852371000)
(0.038194780, 0.521540800, 0.852371000)
(0.037456970, 0.519887700, 0.853413000)
(0.037456970, 0.519887700, 0.853413000)
(0.037962800, 0.519517600, 0.853616000)
(0.037606840, 0.519269900, 0.853782400)
(0.037606840, 0.519269900, 0.853782400)
(0.040681490, 0.517647900, 0.854626100)
(0.040681490, 0.517647900, 0.854626100)
(0.042300650, 0.515704000, 0.855722000)
(0.042300650, 0.515704000, 0.855722000)
(0.042920180, 0.514129000, 0.856638400)
(0.042920180, 0.514129000, 0.856638400)
(0.043954420, 0.508206400, 0.860112800)
(0.043954420, 0.508206400, 0.860112800)
(0.042979040, 0.504055300, 0.862601200)
(0.042429820, 0.482376000, 0.874936000)
(0.042429820, 0.482376000, 0.874936000)
(0.042429820, 0.482376000, 0.874936000)
(0.042291220, 0.471416100, 0.880896300)
(0.041527870, 0.447525400, 0.893306400)
(0.041527870, 0.447525400, 0.893306400)
(0.044208700, 0.419750000, 0.906562600)
(0.044208700, 0.419750000, 0.906562600)
(0.047586310, 0.403744200, 0.913633400)
(0.047586310, 0.403744200, 0.913633400)
(0.048557340, 0.361760500, 0.931005700)
(0.048557340, 0.361760500, 0.931005700)
(0.049784390, 0.346527600, 0.936717800)
(0.049784390, 0.346527600, 0.936717800)
(0.050522760, 0.331632000, 0.942054900)
(0.038250220, 0.305012300, 0.951580000)
(0.038250220, 0.305012300, 0.951580000)
(0.038250220, 0.305012300, 0.951580000)
(0.029816690, 0.297837200, 0.954150900)
(0.020109890, 0.278818300, 0.960133300)
(0.020109890, 0.278818300, 0.960133300)
(0.017422290, 0.252569400, 0.967421900)
(0.017422290, 0.252569400, 0.967421900)
(0.016916930, 0.240332800, 0.970543100)
(0.019995440, 0.211527600, 0.977167400)
(0.019995440, 0.211527600, 0.977167400)
(0.019995440, 0.211527600, 0.977167400)
(0.019995440, 0.211527600, 0.977167400)
(0.022175790, 0.187602600, 0.981994700)
(0.022175790, 0.187602600, 0.981994700)
(0.021792620, 0.182837800, 0.982901400)
(0.021220570, 0.181426300, 0.983175600)
(0.021220570, 0.181426300, 0.983175600)
(0.024051620, 0.178765300, 0.983597700)
(0.024051620, 0.178765300, 0.983597700)
(0.024051620, 0.178765300, 0.983597700)
