(-0.003546038, 0.172955500, 0.983914000)
(0.041434840, 0.380717300, 0.922049000)
(0.076245750, 0.440223700, 0.894616800)
(0.074541010, 0.446135800, 0.891844300)
(0.064135670, 0.425004900, 0.902440600)
(-0.168078000, 0.376595600, 0.904351400)
(-0.403138900, 0.522892300, 0.748039700)
(-0.399064600, 0.575178000, 0.713860700)
(-0.364429100, 0.546775200, 0.753258200)
(-0.145973600, 0.501443700, 0.846506500)
(0.222566600, 0.465611700, 0.849547300)
(0.427877800, 0.454226100, 0.780932600)
(0.443903900, 0.462971200, 0.767089400)
(0.401686600, 0.473576500, 0.783470100)
(0.171593100, 0.513480100, 0.832972000)
(-0.101181600, 0.557640000, 0.823655500)
(-0.062476200, 0.538187500, 0.840077800)
(-0.032705250, 0.520764900, 0.853059900)
(-0.010519500, 0.501493900, 0.864866900)
(-0.007145557, 0.396586000, 0.917199500)
