(0.007239509, -0.466399600, -0.884544500)
(0.007239509, -0.466399600, -0.884544500)
(0.007995074, -0.475150900, -0.879868000)
(0.010230460, -0.503577600, -0.863889400)
(0.010230460, -0.503577600, -0.863889400)
(0.014740670, -0.522258600, -0.852659800)
(0.014740670, -0.522258600, -0.852659800)
(0.016707800, -0.538512300, -0.842451900)
(0.027726300, -0.561652700, -0.826908400)
(0.027726300, -0.561652700, -0.826908400)
(0.027726300, -0.561652700, -0.826908400)
(0.031473330, -0.565578100, -0.824093900)
(0.030431350, -0.570220600, -0.820927700)
(0.030431350, -0.570220600, -0.820927700)
(0.023944600, -0.595911300, -0.802693200)
(0.023944600, -0.595911300, -0.802693200)
(0.022025020, -0.608101700, -0.793553500)
(0.013927520, -0.631960500, -0.774875500)
(0.013927520, -0.631960500, -0.774875500)
(0.007917744, -0.643132300, -0.765714200)
(0.007917744, -0.643132300, -0.765714200)
(-0.001710524, -0.673719500, -0.738985200)
(-0.001710524, -0.673719500, -0.738985200)
(-0.004281268, -0.682434600, -0.730934100)
(-0.006594760, -0.697063700, -0.716978900)
(-0.006594760, -0.697063700, -0.716978900)
(-0.003665553, -0.702806500, -0.711371700)
(-0.001024538, -0.708084200, -0.706127200)
(-0.001024538, -0.708084200, -0.706127200)
(0.001800408, -0.711454900, -0.702729500)
(0.012576660, -0.717169600, -0.696785200)
(0.012576660, -0.717169600, -0.696785200)
(0.015772610, -0.718032900, -0.695830400)
(0.015772610, -0.718032900, -0.695830400)
(0.018324250, -0.714097900, -0.699806100)
(0.022590860, -0.723431100, -0.690026800)
(0.022590860, -0.723431100, -0.690026800)
(0.023312230, -0.733197900, -0.679615700)
(0.023312230, -0.733197900, -0.679615700)
(0.025978190, -0.745997400, -0.665442000)
(0.025978190, -0.745997400, -0.665442000)
(0.020288350, -0.746331900, -0.665264600)
(0.014597150, -0.749645400, -0.661678700)
(0.014597150, -0.749645400, -0.661678700)
(0.012226210, -0.747843700, -0.663762200)
(0.012226210, -0.747843700, -0.663762200)
(0.005420350, -0.743036400, -0.669229000)
(-0.003526263, -0.735681400, -0.677318500)
(-0.003526263, -0.735681400, -0.677318500)
(-0.010323210, -0.731824600, -0.681414800)
(-0.010323210, -0.731824600, -0.681414800)
(-0.013538330, -0.730276800, -0.683017300)
(-0.019313360, -0.727619000, -0.685709600)
(-0.019313360, -0.727619000, -0.685709600)
(-0.020855040, -0.726393800, -0.686962200)
(-0.020855040, -0.726393800, -0.686962200)
(-0.023463280, -0.725178800, -0.688160800)
(-0.023463280, -0.725178800, -0.688160800)
(-0.025267460, -0.723196700, -0.690179700)
(-0.027599930, -0.720372700, -0.693037800)
(-0.027599930, -0.720372700, -0.693037800)
(-0.025424980, -0.718511800, -0.695049800)
(-0.025424980, -0.718511800, -0.695049800)
(-0.024177520, -0.718055300, -0.695565900)
(-0.025319050, -0.715244500, -0.698415500)
(-0.025319050, -0.715244500, -0.698415500)
(-0.025319050, -0.715244500, -0.698415500)
(-0.031443770, -0.714611000, -0.698815000)
(-0.041612440, -0.714003900, -0.698904000)
(-0.041612440, -0.714003900, -0.698904000)
(-0.101108600, -0.710114700, -0.696788400)
(-0.101108600, -0.710114700, -0.696788400)
(-0.130272800, -0.708116100, -0.693974600)
(-0.196252900, -0.702591400, -0.683995600)
(-0.196252900, -0.702591400, -0.683995600)
(-0.260527300, -0.696969700, -0.668100900)
(-0.260527300, -0.696969700, -0.668100900)
(-0.321607400, -0.692193400, -0.646093500)
(-0.371147200, -0.687704600, -0.623948900)
(-0.371147200, -0.687704600, -0.623948900)
(-0.392547500, -0.686406400, -0.612170400)
(-0.392547500, -0.686406400, -0.612170400)
(-0.429899700, -0.678621900, -0.595532100)
(-0.458684100, -0.674810300, -0.578134800)
(-0.458684100, -0.674810300, -0.578134800)
(-0.458684100, -0.674810300, -0.578134800)
(-0.478313600, -0.674674000, -0.562166500)
(-0.485934100, -0.674395400, -0.555930600)
(-0.485934100, -0.674395400, -0.555930600)
(-0.500779700, -0.673134300, -0.544159800)
(-0.506569700, -0.670983200, -0.541450400)
(-0.506569700, -0.670983200, -0.541450400)
(-0.516283600, -0.669585900, -0.533953200)
(-0.516283600, -0.669585900, -0.533953200)
(-0.517877500, -0.669341300, -0.532714800)
(-0.516796500, -0.670628800, -0.532145000)
(-0.516796500, -0.670628800, -0.532145000)
(-0.511028800, -0.670222500, -0.538192700)
(-0.511028800, -0.670222500, -0.538192700)
(-0.506637000, -0.669941700, -0.542675900)
(-0.497838900, -0.669756200, -0.550983700)
(-0.497838900, -0.669756200, -0.550983700)
(-0.497838900, -0.669756200, -0.550983700)
(-0.487570400, -0.671893400, -0.557525300)
(-0.485471800, -0.671825100, -0.559435500)
(-0.485471800, -0.671825100, -0.559435500)
(-0.479748800, -0.671712400, -0.564485300)
(-0.479748800, -0.671712400, -0.564485300)
(-0.477324500, -0.673429700, -0.564494200)
(-0.474392400, -0.673717100, -0.566619000)
(-0.474392400, -0.673717100, -0.566619000)
(-0.468682400, -0.674844800, -0.570018800)
(-0.464501300, -0.676412900, -0.571580500)
(-0.464501300, -0.676412900, -0.571580500)
(-0.452138500, -0.680283400, -0.576875300)
(-0.452138500, -0.680283400, -0.576875300)
(-0.447876200, -0.681373400, -0.578910400)
(-0.447876200, -0.681373400, -0.578910400)
(-0.438910800, -0.684501900, -0.582077600)
(-0.428451200, -0.689248200, -0.584265800)
(-0.428451200, -0.689248200, -0.584265800)
(-0.428451200, -0.689248200, -0.584265800)
(-0.421230900, -0.691504500, -0.586844000)
(-0.404655600, -0.696059500, -0.593089500)
(-0.404655600, -0.696059500, -0.593089500)
(-0.383542800, -0.702696700, -0.599259900)
(-0.370197900, -0.705010700, -0.604907800)
(-0.370197900, -0.705010700, -0.604907800)
(-0.326262000, -0.709753600, -0.624342000)
(-0.326262000, -0.709753600, -0.624342000)
(-0.309463900, -0.711257100, -0.631146200)
(-0.274450400, -0.713851000, -0.644277600)
(-0.274450400, -0.713851000, -0.644277600)
(-0.232874800, -0.716731800, -0.657316400)
(-0.232874800, -0.716731800, -0.657316400)
(-0.209253700, -0.717763700, -0.664099500)
(-0.158829200, -0.717492800, -0.678216300)
(-0.158829200, -0.717492800, -0.678216300)
(-0.106698300, -0.712907000, -0.693093700)
(-0.106698300, -0.712907000, -0.693093700)
(-0.077425080, -0.711289500, -0.698622000)
(0.011468980, -0.715150800, -0.698876100)
(0.011468980, -0.715150800, -0.698876100)
(0.040736330, -0.716060000, -0.696849100)
(0.040736330, -0.716060000, -0.696849100)
(0.101962600, -0.719279500, -0.687197800)
(0.130327500, -0.719787200, -0.681851100)
(0.130327500, -0.719787200, -0.681851100)
(0.206472700, -0.716046800, -0.666817800)
(0.206472700, -0.716046800, -0.666817800)
(0.228540500, -0.715056400, -0.660653800)
(0.269403400, -0.710261200, -0.650346600)
(0.269403400, -0.710261200, -0.650346600)
(0.269403400, -0.710261200, -0.650346600)
(0.308866800, -0.702160600, -0.641538600)
(0.326368700, -0.697705200, -0.637723200)
(0.326368700, -0.697705200, -0.637723200)
(0.360477000, -0.687534600, -0.630359000)
(0.360477000, -0.687534600, -0.630359000)
(0.367517100, -0.684270400, -0.629845300)
(0.374661500, -0.679283900, -0.631032600)
(0.374661500, -0.679283900, -0.631032600)
(0.375270500, -0.678162600, -0.631876200)
(0.375777800, -0.676110800, -0.633770600)
(0.375777800, -0.676110800, -0.633770600)
(0.373580500, -0.674758000, -0.636505500)
(0.373580500, -0.674758000, -0.636505500)
(0.373580500, -0.674758000, -0.636505500)
(0.371286500, -0.673941700, -0.638708800)
(0.371226800, -0.673005800, -0.639729500)
(0.371226800, -0.673005800, -0.639729500)
(0.368821700, -0.671620600, -0.642570100)
(0.368982600, -0.670431600, -0.643718400)
(0.368982600, -0.670431600, -0.643718400)
(0.369042800, -0.669625800, -0.644522100)
(0.369042800, -0.669625800, -0.644522100)
(0.368602800, -0.669420200, -0.644987300)
(0.367912200, -0.667781100, -0.647077300)
(0.367912200, -0.667781100, -0.647077300)
(0.365995200, -0.667660100, -0.648288100)
(0.365995200, -0.667660100, -0.648288100)
(0.363741500, -0.667533700, -0.649685400)
(0.363741500, -0.667533700, -0.649685400)
(0.358627900, -0.667750200, -0.652300400)
(0.358627900, -0.667750200, -0.652300400)
(0.352230700, -0.668048300, -0.655473100)
(0.348195200, -0.667866300, -0.657810400)
(0.348195200, -0.667866300, -0.657810400)
(0.339374300, -0.667772800, -0.662498800)
(0.339374300, -0.667772800, -0.662498800)
(0.336344100, -0.668389600, -0.663421500)
(0.327505100, -0.669625100, -0.666590300)
(0.327505100, -0.669625100, -0.666590300)
(0.318733200, -0.670344100, -0.670110400)
(0.318733200, -0.670344100, -0.670110400)
(0.314523600, -0.670061200, -0.672378400)
(0.298722600, -0.669252300, -0.680342600)
(0.298722600, -0.669252300, -0.680342600)
(0.277541700, -0.670383200, -0.688154800)
(0.277541700, -0.670383200, -0.688154800)
(0.265577100, -0.670761700, -0.692493700)
(0.198845100, -0.679118600, -0.706582200)
(0.198845100, -0.679118600, -0.706582200)
(0.174386400, -0.682487600, -0.709788700)
(0.116459900, -0.694376200, -0.710125900)
(0.116459900, -0.694376200, -0.710125900)
(0.116459900, -0.694376200, -0.710125900)
(0.082916560, -0.699606600, -0.709700900)
(0.023533000, -0.708891700, -0.704924600)
(0.023533000, -0.708891700, -0.704924600)
(-0.029249020, -0.714882600, -0.698632500)
(-0.029249020, -0.714882600, -0.698632500)
(-0.050105900, -0.716460900, -0.695825600)
(-0.089401440, -0.723735000, -0.684262400)
(-0.089401440, -0.723735000, -0.684262400)
(-0.103337100, -0.729584800, -0.676038000)
(-0.103337100, -0.729584800, -0.676038000)
(-0.107485000, -0.731193200, -0.673649300)
(-0.110873100, -0.734180400, -0.669840500)
(-0.110873100, -0.734180400, -0.669840500)
(-0.106093500, -0.741035000, -0.663031900)
(-0.106093500, -0.741035000, -0.663031900)
(-0.103616100, -0.742029200, -0.662311300)
(-0.103616100, -0.742029200, -0.662311300)
(-0.099264320, -0.741436900, -0.663639800)
(-0.089716360, -0.740653600, -0.665870200)
(-0.089716360, -0.740653600, -0.665870200)
(-0.087722260, -0.739248800, -0.667694500)
(-0.072911340, -0.732635100, -0.676705100)
(-0.072911340, -0.732635100, -0.676705100)
(-0.065807480, -0.732778100, -0.677278100)
(-0.065807480, -0.732778100, -0.677278100)
(-0.054886300, -0.731879500, -0.679220200)
(-0.051167470, -0.731493700, -0.679925600)
(-0.051167470, -0.731493700, -0.679925600)
(-0.044768370, -0.731372500, -0.680507200)
(-0.044768370, -0.731372500, -0.680507200)
(-0.042047090, -0.731208400, -0.680857100)
(-0.040950090, -0.729847400, -0.682382600)
(-0.040950090, -0.729847400, -0.682382600)
(-0.038252200, -0.727647100, -0.684884300)
(-0.038252200, -0.727647100, -0.684884300)
(-0.036454660, -0.726470200, -0.686230400)
(-0.030897960, -0.722089600, -0.691109200)
(-0.030897960, -0.722089600, -0.691109200)
(-0.029554350, -0.720984700, -0.692320400)
(-0.029554350, -0.720984700, -0.692320400)
(-0.028719300, -0.720055200, -0.693322200)
(-0.026792650, -0.715632800, -0.697962600)
(-0.026792650, -0.715632800, -0.697962600)
(-0.025170130, -0.713097300, -0.700613000)
(-0.025170130, -0.713097300, -0.700613000)
(-0.024647020, -0.711591800, -0.702160700)
(-0.023811720, -0.708683200, -0.705124900)
(-0.023811720, -0.708683200, -0.705124900)
(-0.024445300, -0.704696800, -0.709087400)
(-0.024445300, -0.704696800, -0.709087400)
(-0.025537120, -0.699151100, -0.714517700)
(-0.025451450, -0.696254500, -0.717343600)
(-0.025451450, -0.696254500, -0.717343600)
(-0.023675610, -0.691126200, -0.722346100)
(-0.023675610, -0.691126200, -0.722346100)
(-0.021843970, -0.686341000, -0.726951600)
(-0.020765980, -0.682502900, -0.730587700)
(-0.020765980, -0.682502900, -0.730587700)
(-0.018831290, -0.675157000, -0.737433600)
(-0.018831290, -0.675157000, -0.737433600)
(-0.018726290, -0.671861900, -0.740439600)
(-0.018726290, -0.671861900, -0.740439600)
(-0.017849680, -0.662068600, -0.749230600)
(-0.017849680, -0.662068600, -0.749230600)
(-0.019553150, -0.659438300, -0.751504400)
(-0.020000770, -0.658844400, -0.752013300)
(-0.020000770, -0.658844400, -0.752013300)
(-0.019326450, -0.652607000, -0.757450100)
(-0.019326450, -0.652607000, -0.757450100)
(-0.009320932, -0.634504300, -0.772863100)
(0.023643990, -0.579410700, -0.814692700)
(0.023643990, -0.579410700, -0.814692700)
(0.025462040, -0.555962900, -0.830817100)
(0.025462040, -0.555962900, -0.830817100)
(0.026120820, -0.517693000, -0.855167600)
(0.026120820, -0.517693000, -0.855167600)
(0.026669810, -0.505633800, -0.862335900)
(0.028392390, -0.496206900, -0.867739900)
(0.028392390, -0.496206900, -0.867739900)
(0.028551660, -0.495540400, -0.868115500)
(0.029546240, -0.498315500, -0.866492100)
(0.029546240, -0.498315500, -0.866492100)
(0.030878590, -0.503480200, -0.863454800)
(0.030878590, -0.503480200, -0.863454800)
(0.031392590, -0.505444300, -0.862288000)
(0.031578290, -0.510504700, -0.859295000)
(0.031578290, -0.510504700, -0.859295000)
(0.031463320, -0.511909500, -0.858462900)
(0.031463320, -0.511909500, -0.858462900)
(0.030287810, -0.511528100, -0.858732600)
(0.024261330, -0.503111200, -0.863881000)
(0.024261330, -0.503111200, -0.863881000)
(0.021954640, -0.501831800, -0.864686500)
(0.021954640, -0.501831800, -0.864686500)
(0.014771740, -0.506316400, -0.862221200)
