(-0.020997640, -0.044876660, 0.038291040)
(-0.020997640, -0.044876660, 0.038291040)
(-0.058491330, -0.019350500, 0.018268320)
(-0.058491330, -0.019350500, 0.018268320)
(-0.039642520, 0.066478200, -0.228234400)
(-0.039642520, 0.066478200, -0.228234400)
(0.067115390, 0.101536300, -0.091600490)
(0.067115390, 0.101536300, -0.091600490)
(0.067115390, 0.101536300, -0.091600490)
(0.023975830, 0.192183700, -0.203200100)
(0.023975830, 0.192183700, -0.203200100)
(0.035832710, 0.345515600, -0.102993100)
(-0.007136676, 0.257248800, -0.266882900)
(-0.007136676, 0.257248800, -0.266882900)
(-0.000756964, 0.263365500, -0.335345300)
(0.016630340, 0.293989900, -0.169629100)
(0.016630340, 0.293989900, -0.169629100)
(0.017071080, 0.327358000, -0.166010000)
(-0.010140370, 0.244062300, -0.134630600)
(-0.010140370, 0.244062300, -0.134630600)
(-0.000143374, 0.239104600, -0.124049700)
(-0.000143374, 0.239104600, -0.124049700)
(0.011580490, 0.141083600, -0.094041690)
(0.011580490, 0.141083600, -0.094041690)
(0.038433920, 0.179156900, -0.105334500)
(0.038433920, 0.179156900, -0.105334500)
(0.015016760, 0.283840900, -0.140346300)
(0.015016760, 0.283840900, -0.140346300)
(-0.031852990, 0.296821300, -0.044707150)
(-0.027805890, 0.113401400, 0.013445190)
(-0.027805890, 0.113401400, 0.013445190)
(-0.063919260, 0.073760250, -0.004951965)
(-0.063919260, 0.073760250, -0.004951965)
(-0.024306450, 0.049654880, -0.043055660)
(-0.024306450, 0.049654880, -0.043055660)
(0.097253040, -0.050634940, 0.000599588)
(0.097253040, -0.050634940, 0.000599588)
(0.006624867, -0.158907000, 0.013639620)
(0.006624867, -0.158907000, 0.013639620)
(0.040691090, -0.138150100, 0.039744620)
(0.040691090, -0.138150100, 0.039744620)
(0.069186810, -0.008467845, 0.056099710)
(0.069186810, -0.008467845, 0.056099710)
(-0.005135421, 0.025691680, 0.003319213)
(-0.005135421, 0.025691680, 0.003319213)
(-0.028728060, 0.030358310, -0.020357030)
(0.058882680, -0.013362810, 0.001618075)
(0.058882680, -0.013362810, 0.001618075)
(0.058882680, -0.013362810, 0.001618075)
(-0.018272870, -0.021936650, 0.061907350)
(-0.018272870, -0.021936650, 0.061907350)
(-0.038584030, -0.098988060, 0.136362300)
(-0.060991430, -0.139529200, -0.019539110)
(-0.060991430, -0.139529200, -0.019539110)
(-0.036792170, -0.036112350, 0.007037501)
(-0.036792170, -0.036112350, 0.007037501)
(0.011819950, 0.020040710, 0.009593729)
(0.011819950, 0.020040710, 0.009593729)
(0.029909430, 0.000564134, -0.082967070)
(0.029909430, 0.000564134, -0.082967070)
(0.048428850, -0.012182120, -0.093723760)
(0.002282872, 0.172580700, -0.065922250)
(0.002282872, 0.172580700, -0.065922250)
(0.002282872, 0.172580700, -0.065922250)
(0.002932301, 0.287284100, -0.165170100)
(0.002932301, 0.287284100, -0.165170100)
(0.026077930, 0.296472800, -0.059506360)
(0.026077930, 0.296472800, -0.059506360)
(0.072295520, 0.168643600, -0.091843870)
(-0.083043010, 0.368934500, -0.217387700)
(-0.083043010, 0.368934500, -0.217387700)
(-0.083043010, 0.368934500, -0.217387700)
(0.004622329, 0.118264600, -0.083514640)
(0.054656860, -0.000737624, -0.188120900)
(0.054656860, -0.000737624, -0.188120900)
(0.065590920, 0.108540000, -0.088881150)
(0.065590920, 0.108540000, -0.088881150)
(0.125756200, 0.071609130, -0.160397800)
(0.125756200, 0.071609130, -0.160397800)
(-0.061073870, 0.184112800, -0.370879100)
(-0.061073870, 0.184112800, -0.370879100)
(-0.018925740, -0.225177500, -0.069933750)
(-0.018925740, -0.225177500, -0.069933750)
(0.008881573, -0.291909800, -0.108205900)
(0.008881573, -0.291909800, -0.108205900)
(-0.045959070, -0.135831900, 0.010193990)
(-0.045959070, -0.135831900, 0.010193990)
(0.025457080, -0.206409400, 0.126845200)
(0.025457080, -0.206409400, 0.126845200)
(0.056939640, -0.162993100, 0.170459800)
(0.056939640, -0.162993100, 0.170459800)
(-0.087324160, -0.045904520, 0.035401570)
(-0.087324160, -0.045904520, 0.035401570)
(0.026864340, -0.098527590, 0.108148700)
(0.026864340, -0.098527590, 0.108148700)
(0.038531960, -0.136338500, 0.094981260)
(0.038531960, -0.136338500, 0.094981260)
(0.017114220, -0.262578800, 0.192708400)
(0.017114220, -0.262578800, 0.192708400)
(0.039024500, -0.287382200, 0.194137400)
(0.039024500, -0.287382200, 0.194137400)
(0.032139040, -0.263107600, 0.083636830)
(0.032139040, -0.263107600, 0.083636830)
(0.008683881, -0.156947100, -0.037619500)
