(-0.012245590, -0.057741960, -0.071039360)
(0.023571020, 0.106149100, 0.078864650)
(-0.007264671, -0.021678450, 0.007675734)
(0.007200339, -0.001914075, -0.003461405)
(-0.034788160, -0.008645866, -0.009800625)
(0.062385540, 0.013004660, -0.002272592)
(-0.016349020, -0.010448420, -0.001952325)
(0.008095372, 0.007261156, 0.003620643)
(0.016014090, -0.004047271, 0.008317705)
(-0.000585244, -0.004955335, -0.028987090)
(-0.019430930, 0.015586220, 0.006458334)
(0.013408800, -0.001172403, 0.000447437)
(0.007313811, 0.004551089, 0.008989414)
(0.032385950, 0.011397480, 0.008195049)
(0.002008479, -0.020441480, -0.013005770)
(0.007463100, 0.007553606, 0.009101974)
(0.007004226, 0.005039396, 0.003696638)
(0.000719609, 0.039536510, 0.032231100)
(0.008525222, -0.036673540, -0.018337020)
(-0.008655616, 0.007246073, -0.049469170)
