(0.034689480, 0.082263010, 0.996006700)
(0.035074620, 0.082378700, 0.995983700)
(0.035327330, 0.082006780, 0.996005400)
(0.035327330, 0.082006780, 0.996005400)
(0.035827770, 0.080976930, 0.996071900)
(0.035827770, 0.080976930, 0.996071900)
(0.036298240, 0.080537300, 0.996090400)
(0.036298240, 0.080537300, 0.996090400)
(0.038076410, 0.079116740, 0.996138000)
(0.038076410, 0.079116740, 0.996138000)
(0.038492860, 0.078746850, 0.996151200)
(0.039283100, 0.078420990, 0.996146100)
(0.039283100, 0.078420990, 0.996146100)
(0.039464230, 0.078810440, 0.996108200)
(0.039464230, 0.078810440, 0.996108200)
(0.039241780, 0.079504770, 0.996061700)
(0.039241780, 0.079504770, 0.996061700)
(0.038933130, 0.079563160, 0.996069300)
(0.038933130, 0.079563160, 0.996069300)
(0.038142800, 0.080177600, 0.996050500)
(0.038142800, 0.080177600, 0.996050500)
(0.037782610, 0.080615550, 0.996028900)
(0.036702980, 0.080410120, 0.996085900)
(0.036702980, 0.080410120, 0.996085900)
(0.036702980, 0.080410120, 0.996085900)
(0.035792620, 0.080028650, 0.996149800)
(0.035284370, 0.079792430, 0.996186800)
(0.035284370, 0.079792430, 0.996186800)
(0.034753700, 0.079901070, 0.996196700)
(0.034753700, 0.079901070, 0.996196700)
(0.034543230, 0.079847250, 0.996208300)
(0.034543230, 0.079847250, 0.996208300)
(0.034344930, 0.079913790, 0.996210000)
(0.034344930, 0.079913790, 0.996210000)
(0.034482480, 0.079960290, 0.996201400)
(0.034482480, 0.079960290, 0.996201400)
(0.034482480, 0.079960290, 0.996201400)
(0.034839590, 0.079548550, 0.996221900)
(0.034839590, 0.079548550, 0.996221900)
(0.035066100, 0.079176400, 0.996243600)
(0.035066100, 0.079176400, 0.996243600)
(0.035251580, 0.078938640, 0.996255900)
(0.035251580, 0.078938640, 0.996255900)
(0.035714380, 0.078505230, 0.996273800)
(0.035714380, 0.078505230, 0.996273800)
(0.035917110, 0.078427110, 0.996272600)
(0.036156390, 0.078211530, 0.996281000)
(0.036156390, 0.078211530, 0.996281000)
(0.036156390, 0.078211530, 0.996281000)
(0.036156390, 0.078211530, 0.996281000)
(0.036416660, 0.078234830, 0.996269600)
(0.036429380, 0.078294010, 0.996264500)
(0.036429380, 0.078294010, 0.996264500)
(0.036519320, 0.078312340, 0.996259600)
(0.036519320, 0.078312340, 0.996259600)
(0.036612970, 0.078395120, 0.996249900)
(0.036730310, 0.078466880, 0.996239800)
(0.036730310, 0.078466880, 0.996239800)
(0.036771170, 0.078419350, 0.996242000)
(0.036771170, 0.078419350, 0.996242000)
(0.036694110, 0.078420140, 0.996244800)
(0.036123590, 0.078900460, 0.996227700)
(0.035803330, 0.079359500, 0.996202900)
(0.035803330, 0.079359500, 0.996202900)
(0.035275570, 0.080605730, 0.996121600)
(0.035275570, 0.080605730, 0.996121600)
(0.035211640, 0.081007810, 0.996091300)
(0.035309650, 0.080724090, 0.996110900)
(0.035309650, 0.080724090, 0.996110900)
(0.035309650, 0.080724090, 0.996110900)
(0.035385890, 0.080435260, 0.996131500)
(0.035481660, 0.079986490, 0.996164300)
(0.035176880, 0.078930880, 0.996259300)
(0.035176880, 0.078930880, 0.996259300)
(0.035079110, 0.078629970, 0.996286400)
(0.035079110, 0.078629970, 0.996286400)
(0.035215010, 0.078488750, 0.996292800)
(0.036507100, 0.075273470, 0.996494400)
(0.036507100, 0.075273470, 0.996494400)
(0.036915910, 0.072953100, 0.996651900)
(0.036915910, 0.072953100, 0.996651900)
(0.037283440, 0.067556340, 0.997018700)
(0.037278860, 0.064423140, 0.997226200)
(0.037278860, 0.064423140, 0.997226200)
(0.037185330, 0.063466170, 0.997291000)
(0.037185330, 0.063466170, 0.997291000)
(0.037086090, 0.062121340, 0.997379400)
(0.036774870, 0.062148100, 0.997389300)
(0.036774870, 0.062148100, 0.997389300)
(0.036347850, 0.063068810, 0.997347100)
(0.035778080, 0.064688500, 0.997263900)
(0.035778080, 0.064688500, 0.997263900)
(0.035472830, 0.065723590, 0.997207200)
(0.035472830, 0.065723590, 0.997207200)
(0.035368290, 0.067298240, 0.997105800)
(0.035286490, 0.068031920, 0.997059000)
(0.035297140, 0.068355530, 0.997036400)
(0.035297140, 0.068355530, 0.997036400)
(0.035312670, 0.068477500, 0.997027500)
(0.035312670, 0.068477500, 0.997027500)
(0.035313380, 0.068869180, 0.997000500)
(0.035374820, 0.069767970, 0.996935800)
(0.035374820, 0.069767970, 0.996935800)
(0.035538070, 0.070799570, 0.996857200)
(0.035538070, 0.070799570, 0.996857200)
(0.035550090, 0.071364220, 0.996816600)
(0.035812210, 0.072418300, 0.996731200)
(0.035812210, 0.072418300, 0.996731200)
(0.035887220, 0.072425250, 0.996728000)
(0.035887220, 0.072425250, 0.996728000)
(0.035892790, 0.072383470, 0.996730800)
(0.036119520, 0.072223520, 0.996734200)
(0.036119520, 0.072223520, 0.996734200)
(0.036247920, 0.072013840, 0.996744800)
(0.036250190, 0.072010380, 0.996744900)
(0.036250190, 0.072010380, 0.996744900)
(0.036186200, 0.072094370, 0.996741100)
(0.036186200, 0.072094370, 0.996741100)
(0.036171260, 0.072161060, 0.996736900)
(0.036159120, 0.072644170, 0.996702300)
(0.036159120, 0.072644170, 0.996702300)
(0.035957650, 0.073761930, 0.996627400)
(0.035952590, 0.074129440, 0.996600300)
(0.035952590, 0.074129440, 0.996600300)
(0.036125680, 0.074106950, 0.996595700)
(0.036125680, 0.074106950, 0.996595700)
(0.036167330, 0.073794130, 0.996617400)
(0.036154010, 0.073087710, 0.996670000)
(0.036154010, 0.073087710, 0.996670000)
(0.036154010, 0.073087710, 0.996670000)
(0.036080710, 0.072247550, 0.996733900)
(0.036159980, 0.071947670, 0.996752800)
(0.036159980, 0.071947670, 0.996752800)
(0.036204750, 0.071509670, 0.996782700)
(0.036204750, 0.071509670, 0.996782700)
(0.036154120, 0.071577900, 0.996779600)
(0.036138010, 0.071691100, 0.996771900)
(0.036043770, 0.072192990, 0.996739200)
(0.036043770, 0.072192990, 0.996739200)
(0.036407370, 0.072717730, 0.996687800)
(0.036407370, 0.072717730, 0.996687800)
(0.036442480, 0.072932430, 0.996670900)
(0.036193460, 0.073384470, 0.996646700)
(0.036193460, 0.073384470, 0.996646700)
(0.036144260, 0.074146300, 0.996592200)
(0.036144260, 0.074146300, 0.996592200)
(0.036132600, 0.074734400, 0.996548600)
(0.035759190, 0.076233890, 0.996448500)
(0.035759190, 0.076233890, 0.996448500)
(0.035313140, 0.077949710, 0.996331600)
(0.035313140, 0.077949710, 0.996331600)
(0.034987480, 0.078608890, 0.996291300)
(0.033956750, 0.079776690, 0.996234300)
(0.033956750, 0.079776690, 0.996234300)
(0.033747250, 0.079766940, 0.996242200)
(0.033747250, 0.079766940, 0.996242200)
(0.033622480, 0.079614730, 0.996258500)
(0.033619790, 0.079258770, 0.996287000)
(0.033619790, 0.079258770, 0.996287000)
(0.033634330, 0.079179800, 0.996292700)
(0.033634330, 0.079179800, 0.996292700)
(0.033702060, 0.079073850, 0.996298800)
(0.033770170, 0.079078850, 0.996296200)
(0.033770170, 0.079078850, 0.996296200)
(0.033893790, 0.079029520, 0.996295900)
(0.033893790, 0.079029520, 0.996295900)
(0.033934890, 0.079053770, 0.996292600)
(0.034028240, 0.079157660, 0.996281300)
(0.034028240, 0.079157660, 0.996281300)
(0.034019020, 0.079156040, 0.996281600)
(0.034019020, 0.079156040, 0.996281600)
(0.034012300, 0.079167900, 0.996281000)
(0.033949100, 0.079207160, 0.996280000)
(0.033949100, 0.079207160, 0.996280000)
(0.033935020, 0.079239410, 0.996277800)
(0.033935020, 0.079239410, 0.996277800)
(0.033931840, 0.079275450, 0.996275100)
(0.033934220, 0.079262400, 0.996276000)
(0.034054040, 0.079322520, 0.996267100)
(0.034054040, 0.079322520, 0.996267100)
(0.034138020, 0.079327190, 0.996263900)
(0.034138020, 0.079327190, 0.996263900)
(0.034185550, 0.079322800, 0.996262700)
(0.034204740, 0.079187240, 0.996272700)
(0.034204740, 0.079187240, 0.996272700)
(0.034162510, 0.079190460, 0.996273900)
(0.034162510, 0.079190460, 0.996273900)
(0.034161390, 0.079198220, 0.996273500)
(0.034175460, 0.079281170, 0.996266400)
(0.034175460, 0.079281170, 0.996266400)
(0.034214270, 0.079257990, 0.996266800)
(0.034184270, 0.079259280, 0.996267700)
(0.034184270, 0.079259280, 0.996267700)
(0.034184270, 0.079259280, 0.996267700)
(0.034236710, 0.079308320, 0.996262000)
(0.034312770, 0.079360080, 0.996255300)
(0.034480530, 0.079316530, 0.996252800)
(0.034480530, 0.079316530, 0.996252800)
(0.034548540, 0.079252130, 0.996255800)
(0.034590310, 0.078999820, 0.996274400)
(0.034590310, 0.078999820, 0.996274400)
(0.034542140, 0.078827330, 0.996289600)
(0.034542140, 0.078827330, 0.996289600)
(0.034565840, 0.078691340, 0.996299600)
(0.034650410, 0.077575900, 0.996384100)
(0.034650410, 0.077575900, 0.996384100)
(0.034705850, 0.077038410, 0.996423900)
(0.034950840, 0.075979180, 0.996496600)
(0.034950840, 0.075979180, 0.996496600)
(0.035031720, 0.075370770, 0.996540000)
(0.035031720, 0.075370770, 0.996540000)
(0.034984630, 0.075250160, 0.996550800)
(0.034829770, 0.075140100, 0.996564500)
(0.034829770, 0.075140100, 0.996564500)
(0.034661750, 0.075132840, 0.996570900)
(0.034661750, 0.075132840, 0.996570900)
(0.034585980, 0.075190560, 0.996569300)
(0.034233310, 0.075428580, 0.996563400)
(0.034233310, 0.075428580, 0.996563400)
(0.034139530, 0.075509820, 0.996560500)
(0.034139530, 0.075509820, 0.996560500)
(0.034109820, 0.075563960, 0.996557400)
(0.034206750, 0.075453570, 0.996562500)
(0.034206750, 0.075453570, 0.996562500)
(0.034339730, 0.075321600, 0.996567900)
(0.034339730, 0.075321600, 0.996567900)
(0.034419260, 0.075257490, 0.996569900)
(0.034455500, 0.075199910, 0.996573000)
(0.034455500, 0.075199910, 0.996573000)
(0.034444440, 0.075229800, 0.996571100)
(0.034433840, 0.075296530, 0.996566600)
(0.034433840, 0.075296530, 0.996566600)
(0.034405340, 0.075317200, 0.996565900)
(0.034383600, 0.075328550, 0.996565900)
(0.034383600, 0.075328550, 0.996565900)
(0.034383600, 0.075328550, 0.996565900)
(0.034356990, 0.075365000, 0.996563900)
(0.034317390, 0.075351310, 0.996566400)
(0.034317390, 0.075351310, 0.996566400)
(0.034300610, 0.075348060, 0.996567100)
(0.034300610, 0.075348060, 0.996567100)
(0.034322500, 0.075302090, 0.996569900)
(0.034322500, 0.075302090, 0.996569900)
(0.034337000, 0.075359280, 0.996565000)
(0.034337000, 0.075359280, 0.996565000)
(0.034373960, 0.075351480, 0.996564300)
(0.034373960, 0.075351480, 0.996564300)
(0.034432890, 0.075337480, 0.996563400)
(0.034432890, 0.075337480, 0.996563400)
(0.034446000, 0.075322600, 0.996564000)
(0.034446000, 0.075322600, 0.996564000)
(0.034433070, 0.075279300, 0.996567700)
(0.034433070, 0.075279300, 0.996567700)
(0.034447220, 0.075265170, 0.996568400)
(0.034438510, 0.075210340, 0.996572900)
(0.034438510, 0.075210340, 0.996572900)
(0.034438510, 0.075210340, 0.996572900)
(0.034438510, 0.075210340, 0.996572900)
(0.034488730, 0.075201920, 0.996571700)
(0.034488730, 0.075201920, 0.996571700)
(0.034548710, 0.075184680, 0.996570900)
(0.034548710, 0.075184680, 0.996570900)
(0.034565090, 0.075163620, 0.996571900)
(0.034565090, 0.075163620, 0.996571900)
(0.034638830, 0.075078370, 0.996575800)
(0.034638830, 0.075078370, 0.996575800)
(0.034678270, 0.074933700, 0.996585300)
(0.034678270, 0.074933700, 0.996585300)
(0.034674340, 0.074911870, 0.996587100)
(0.034723480, 0.074968540, 0.996581100)
(0.034723480, 0.074968540, 0.996581100)
(0.034723480, 0.074968540, 0.996581100)
(0.034900070, 0.075078480, 0.996566700)
(0.035041930, 0.075159100, 0.996555700)
(0.035041930, 0.075159100, 0.996555700)
(0.035120390, 0.075171630, 0.996551900)
(0.035120390, 0.075171630, 0.996551900)
(0.035354310, 0.075134570, 0.996546500)
(0.035482820, 0.075117770, 0.996543200)
(0.035482820, 0.075117770, 0.996543200)
(0.035482820, 0.075117770, 0.996543200)
(0.035420840, 0.075099360, 0.996546700)
(0.035420840, 0.075099360, 0.996546700)
(0.035440770, 0.075105750, 0.996545600)
(0.035285170, 0.075127620, 0.996549500)
(0.035285170, 0.075127620, 0.996549500)
(0.034635780, 0.074912740, 0.996588300)
(0.034635780, 0.074912740, 0.996588300)
(0.034260510, 0.074844760, 0.996606400)
(0.034260510, 0.074844760, 0.996606400)
(0.032990440, 0.074659900, 0.996663200)
(0.032990440, 0.074659900, 0.996663200)
(0.032305960, 0.074475500, 0.996699400)
(0.031986850, 0.074354310, 0.996718600)
(0.031986850, 0.074354310, 0.996718600)
(0.031986850, 0.074354310, 0.996718600)
(0.031858160, 0.074166520, 0.996736800)
(0.031713620, 0.074017580, 0.996752500)
(0.031713620, 0.074017580, 0.996752500)
