(0.003527238, -0.000288789, 0.004467268)
(0.002646305, -0.000420682, 0.002587470)
(0.001658976, -0.000542369, 0.002480303)
(0.001658976, -0.000542369, 0.002480303)
(0.002122322, 0.000706237, 0.005274132)
(0.002122322, 0.000706237, 0.005274132)
(0.001402035, 0.001624480, 0.003661376)
(0.001402035, 0.001624480, 0.003661376)
(0.001069214, 0.000574850, 0.003931433)
(0.001069214, 0.000574850, 0.003931433)
(0.003086542, -0.000773344, 0.003786437)
(0.001790464, 0.000739071, 0.005311768)
(0.001790464, 0.000739071, 0.005311768)
(0.000617687, 0.001296172, 0.003774573)
(0.000617687, 0.001296172, 0.003774573)
(0.000831365, 0.000337881, 0.002850039)
(0.000831365, 0.000337881, 0.002850039)
(0.002359752, -0.001434683, 0.002042105)
(0.002359752, -0.001434683, 0.002042105)
(0.001432039, 0.000851440, 0.002472718)
(0.001432039, 0.000851440, 0.002472718)
(0.002037446, -0.000808815, 0.000288728)
(0.001399176, -0.000145002, 0.004502764)
(0.001399176, -0.000145002, 0.004502764)
(0.001399176, -0.000145002, 0.004502764)
(0.001338129, -0.001228567, 0.002206259)
(0.000852148, -0.000053954, 0.009487974)
(0.000852148, -0.000053954, 0.009487974)
(0.002354841, 0.000062287, 0.001698042)
(0.002354841, 0.000062287, 0.001698042)
(0.001095678, 0.000101417, 0.005403764)
(0.001095678, 0.000101417, 0.005403764)
(0.004698645, -0.005847675, 0.003599916)
(0.004698645, -0.005847675, 0.003599916)
(0.001872222, 0.000195413, 0.000805600)
(0.001872222, 0.000195413, 0.000805600)
(0.001872222, 0.000195413, 0.000805600)
(0.001019150, -0.000626464, 0.002048815)
(0.001019150, -0.000626464, 0.002048815)
(0.001031212, -0.000014460, 0.000725079)
(0.001031212, -0.000014460, 0.000725079)
(0.001820295, 0.000465531, 0.001156664)
(0.001820295, 0.000465531, 0.001156664)
(0.000616736, 0.000157049, 0.001969752)
(0.000616736, 0.000157049, 0.001969752)
(0.000901076, -0.000496328, 0.000254011)
(0.001630765, -0.000290746, 0.001321985)
(0.001630765, -0.000290746, 0.001321985)
(0.001630765, -0.000290746, 0.001321985)
(0.001630765, -0.000290746, 0.001321985)
(0.000880371, 0.000417187, 0.000358650)
(0.001111186, -0.000130829, 0.000587863)
(0.001111186, -0.000130829, 0.000587863)
(0.000777170, -0.000391933, -0.000606437)
(0.000777170, -0.000391933, -0.000606437)
(0.001416902, 0.000502704, -0.000809685)
(0.000325105, -0.000052562, -0.000506855)
(0.000325105, -0.000052562, -0.000506855)
(-0.000204275, -0.000492687, 0.000718758)
(-0.000204275, -0.000492687, 0.000718758)
(0.000117804, 0.000482665, -0.000252455)
(0.000201984, -0.000978640, 0.001196828)
(0.000279612, -0.000465428, 0.000239035)
(0.000279612, -0.000465428, 0.000239035)
(0.001550150, 0.000736068, -0.003392389)
(0.001550150, 0.000736068, -0.003392389)
(0.000886756, 0.001563427, -0.004435468)
(0.000064576, 0.000646430, -0.001311774)
(0.000064576, 0.000646430, -0.001311774)
(0.000064576, 0.000646430, -0.001311774)
(-0.000251990, 0.000704043, -0.003649123)
(0.000388240, 0.000919161, -0.003090824)
(-0.000283565, 0.002709266, -0.002484096)
(-0.000283565, 0.002709266, -0.002484096)
(0.002498270, -0.001137537, 0.000403092)
(0.002498270, -0.001137537, 0.000403092)
(0.003101391, -0.000491684, -0.005752494)
(0.005493289, -0.002075917, -0.011210910)
(0.005493289, -0.002075917, -0.011210910)
(0.000449652, 0.000992765, -0.002975391)
(0.000449652, 0.000992765, -0.002975391)
(-0.002131475, -0.001426211, 0.006703771)
(0.000056206, -0.000984183, 0.003237182)
(0.000056206, -0.000984183, 0.003237182)
(-0.001311996, -0.000754673, -0.000233589)
(-0.001311996, -0.000754673, -0.000233589)
(-0.000486810, -0.001608526, 0.002204606)
(-0.001148894, -0.000170050, -0.000225615)
(-0.001148894, -0.000170050, -0.000225615)
(0.000015453, 0.000619820, -0.001785079)
(0.000834653, -0.000272300, -0.001392004)
(0.000834653, -0.000272300, -0.001392004)
(0.000169640, 0.000403165, -0.003178152)
(0.000169640, 0.000403165, -0.003178152)
(0.001991895, 0.000060579, -0.004249336)
(0.000372735, 0.000798550, -0.002093549)
(-0.000122663, -0.000494535, -0.001472914)
(-0.000122663, -0.000494535, -0.001472914)
(-0.000381558, -0.001347957, -0.000704851)
(-0.000381558, -0.001347957, -0.000704851)
(-0.000383016, 0.000210006, 0.001009529)
(0.001020135, -0.000691188, -0.001346006)
(0.001020135, -0.000691188, -0.001346006)
(0.001102567, -0.001967218, -0.000477584)
(0.001102567, -0.001967218, -0.000477584)
(0.001337104, -0.001553927, -0.001835745)
(0.000597332, 0.000096002, -0.002636677)
(0.000597332, 0.000096002, -0.002636677)
(-0.000940662, -0.000152351, -0.001129143)
(-0.000940662, -0.000152351, -0.001129143)
(-0.000212906, -0.000109416, -0.000385393)
(0.000539236, -0.000671970, -0.000275406)
(0.000539236, -0.000671970, -0.000275406)
(-0.000565970, 0.000268240, 0.000424486)
(0.000408267, 0.000273534, -0.000770396)
(0.000408267, 0.000273534, -0.000770396)
(-0.000014295, 0.001169987, -0.000717007)
(-0.000014295, 0.001169987, -0.000717007)
(-0.000731148, -0.000362187, 0.000492073)
(-0.000229815, -0.000114521, -0.000432655)
(-0.000229815, -0.000114521, -0.000432655)
(-0.000265650, 0.000240889, -0.003356213)
(0.000475794, 0.000613919, -0.004164147)
(0.000475794, 0.000613919, -0.004164147)
(0.000800492, -0.000806099, -0.003158995)
(0.000800492, -0.000806099, -0.003158995)
(-0.000457970, 0.000734002, -0.002604391)
(-0.000438420, 0.000477742, -0.002730910)
(-0.000438420, 0.000477742, -0.002730910)
(-0.000438420, 0.000477742, -0.002730910)
(-0.000850443, -0.000869224, -0.001490516)
(-0.000194872, -0.000808518, -0.001693472)
(-0.000194872, -0.000808518, -0.001693472)
(-0.000966776, -0.000602188, -0.001074198)
(-0.000966776, -0.000602188, -0.001074198)
(-0.000669584, 0.000310852, -0.001742679)
(-0.000405526, -0.000528298, -0.002855387)
(-0.001278428, -0.000278767, -0.002795580)
(-0.001278428, -0.000278767, -0.002795580)
(-0.001145435, 0.000188466, -0.004214424)
(-0.001145435, 0.000188466, -0.004214424)
(-0.001664045, 0.000227979, -0.004056883)
(-0.000429808, -0.000941990, -0.003089365)
(-0.000429808, -0.000941990, -0.003089365)
(-0.001595476, 0.000258047, -0.001190312)
(-0.001595476, 0.000258047, -0.001190312)
(-0.001091806, -0.000564687, -0.003937365)
(-0.001688919, 0.000384019, -0.002729646)
(-0.001688919, 0.000384019, -0.002729646)
(-0.000255309, -0.000332174, -0.005702801)
(-0.000255309, -0.000332174, -0.005702801)
(-0.000654508, 0.000730792, -0.005239998)
(-0.001554961, 0.000100803, -0.006513457)
(-0.001554961, 0.000100803, -0.006513457)
(-0.000606950, -0.000120259, -0.004890393)
(-0.000606950, -0.000120259, -0.004890393)
(-0.000949727, -0.000065983, -0.003240877)
(-0.001929972, -0.001044058, -0.002575217)
(-0.001929972, -0.001044058, -0.002575217)
(-0.001453388, -0.000711233, -0.003435373)
(-0.001453388, -0.000711233, -0.003435373)
(-0.001513263, -0.001075687, -0.003455600)
(-0.001327677, -0.000325962, -0.004153158)
(-0.001327677, -0.000325962, -0.004153158)
(-0.000465130, -0.000500382, -0.003650388)
(-0.000465130, -0.000500382, -0.003650388)
(-0.000746060, 0.000216941, -0.003760764)
(-0.000583064, 0.000140888, -0.003401530)
(-0.000583064, 0.000140888, -0.003401530)
(-0.001545953, -0.000577032, -0.004230956)
(-0.001545953, -0.000577032, -0.004230956)
(-0.000802394, -0.000091012, -0.003380428)
(-0.000971730, -0.000590956, -0.003030044)
(-0.000971730, -0.000590956, -0.003030044)
(-0.001687333, -0.000127042, -0.002689288)
(-0.001687333, -0.000127042, -0.002689288)
(-0.001187632, -0.000632949, -0.002941452)
(-0.001185750, -0.000854279, -0.003548569)
(-0.001293972, -0.000399536, -0.002969265)
(-0.001293972, -0.000399536, -0.002969265)
(-0.000884602, 0.000337510, -0.003811138)
(-0.000884602, 0.000337510, -0.003811138)
(-0.001905888, 0.000837923, -0.002740538)
(-0.000937960, -0.000468284, -0.003437804)
(-0.000937960, -0.000468284, -0.003437804)
(-0.001864102, 0.000280566, -0.003422342)
(-0.001864102, 0.000280566, -0.003422342)
(-0.000637617, -0.000205071, -0.003307200)
(-0.000401423, 0.000216723, -0.003326358)
(-0.000401423, 0.000216723, -0.003326358)
(-0.000433874, -0.000477213, -0.002169986)
(-0.000906574, -0.000939097, -0.001860446)
(-0.000906574, -0.000939097, -0.001860446)
(-0.000906574, -0.000939097, -0.001860446)
(-0.000444386, -0.000499920, -0.004505195)
(-0.001004435, 0.000430260, -0.002226778)
(-0.001162296, -0.000237005, -0.003184085)
(-0.001162296, -0.000237005, -0.003184085)
(-0.001227604, -0.000167631, -0.001900026)
(-0.000777046, -0.001125022, -0.002016529)
(-0.000777046, -0.001125022, -0.002016529)
(-0.001209813, -0.000207715, -0.002824074)
(-0.001209813, -0.000207715, -0.002824074)
(-0.001229552, 0.000424736, -0.003212286)
(-0.000571911, -0.000396066, -0.003728866)
(-0.000571911, -0.000396066, -0.003728866)
(-0.000868814, -0.000832088, -0.001988813)
(-0.000866772, -0.000265705, -0.000320723)
(-0.000866772, -0.000265705, -0.000320723)
(-0.001189574, -0.000388584, -0.001287171)
(-0.001189574, -0.000388584, -0.001287171)
(-0.001142345, -0.000267814, -0.000309637)
(-0.001473692, -0.001130122, -0.001002429)
(-0.001473692, -0.001130122, -0.001002429)
(-0.000084706, -0.001118160, -0.000701448)
(-0.000084706, -0.001118160, -0.000701448)
(-0.000740629, 0.000048022, -0.001384418)
(-0.000388061, -0.000671988, -0.000824077)
(-0.000388061, -0.000671988, -0.000824077)
(-0.000535306, -0.000016204, -0.001972767)
(-0.000535306, -0.000016204, -0.001972767)
(-0.000747756, -0.000796118, -0.001901679)
(-0.000596229, -0.000434497, -0.000829231)
(-0.000596229, -0.000434497, -0.000829231)
(-0.000726237, -0.000298970, -0.000531167)
(-0.000726237, -0.000298970, -0.000531167)
(-0.001537611, -0.000722897, -0.000275795)
(-0.001328431, -0.001150823, -0.000253428)
(-0.001328431, -0.001150823, -0.000253428)
(-0.000828499, -0.000692653, -0.000240591)
(-0.001061149, -0.001243494, -0.000203831)
(-0.001061149, -0.001243494, -0.000203831)
(-0.001276832, -0.000287762, -0.000194301)
(-0.000765890, -0.000053018, -0.000415734)
(-0.000765890, -0.000053018, -0.000415734)
(-0.000765890, -0.000053018, -0.000415734)
(-0.001227531, 0.000154648, -0.000399105)
(-0.001185489, -0.000557065, -0.001542154)
(-0.001185489, -0.000557065, -0.001542154)
(-0.000924738, 0.000421326, 0.000159973)
(-0.000924738, 0.000421326, 0.000159973)
(-0.000946728, -0.000020617, -0.000094428)
(-0.000946728, -0.000020617, -0.000094428)
(-0.001693952, -0.000077342, 0.000398035)
(-0.001693952, -0.000077342, 0.000398035)
(-0.000751649, -0.000554124, -0.001498879)
(-0.000751649, -0.000554124, -0.001498879)
(-0.000077859, -0.000538053, -0.000249343)
(-0.000077859, -0.000538053, -0.000249343)
(-0.000578676, -0.001497183, -0.000227754)
(-0.000578676, -0.001497183, -0.000227754)
(-0.000076023, -0.000720198, -0.000439851)
(-0.000076023, -0.000720198, -0.000439851)
(-0.000088377, -0.000702487, -0.001367206)
(-0.000077968, -0.001131222, 0.000388018)
(-0.000077968, -0.001131222, 0.000388018)
(-0.000077968, -0.001131222, 0.000388018)
(-0.000077968, -0.001131222, 0.000388018)
(-0.000613952, -0.000630536, -0.000517650)
(-0.000613952, -0.000630536, -0.000517650)
(-0.000671918, -0.000121450, -0.000958863)
(-0.000671918, -0.000121450, -0.000958863)
(-0.001418519, -0.000831340, -0.000689681)
(-0.001418519, -0.000831340, -0.000689681)
(-0.001490218, -0.000986280, 0.000326072)
(-0.001490218, -0.000986280, 0.000326072)
(-0.000311451, -0.000359962, 0.000747057)
(-0.000311451, -0.000359962, 0.000747057)
(-0.001282123, -0.001555982, -0.000689681)
(-0.000354945, -0.000391586, -0.000429543)
(-0.000354945, -0.000391586, -0.000429543)
(-0.000354945, -0.000391586, -0.000429543)
(-0.001018861, 0.000231960, 0.000314888)
(-0.000670860, -0.000091905, -0.000645725)
(-0.000670860, -0.000091905, -0.000645725)
(-0.000259682, 0.000140930, -0.000384712)
(-0.000259682, 0.000140930, -0.000384712)
(-0.000734819, -0.000308154, -0.000587668)
(-0.000860557, -0.000287732, -0.001510062)
(-0.000860557, -0.000287732, -0.001510062)
(-0.000860557, -0.000287732, -0.001510062)
(-0.000553169, -0.000510350, -0.000492949)
(-0.000553169, -0.000510350, -0.000492949)
(-0.000572631, -0.000027442, -0.000238549)
(-0.000903213, -0.000041458, -0.002335987)
(-0.000903213, -0.000041458, -0.002335987)
(0.000962196, -0.000558354, 0.000346591)
(0.000962196, -0.000558354, 0.000346591)
(-0.002325515, 0.000485436, 0.000073714)
(-0.002325515, 0.000485436, 0.000073714)
(-0.002772940, -0.000548629, -0.001170084)
(-0.002772940, -0.000548629, -0.001170084)
(0.002054173, 0.000121086, 0.000010795)
(-0.001287870, -0.000000602, -0.000707769)
(-0.001287870, -0.000000602, -0.000707769)
(-0.001287870, -0.000000602, -0.000707769)
(-0.000913907, -0.000052350, -0.000662549)
(-0.001259151, 0.000338027, 0.000051930)
(-0.001259151, 0.000338027, 0.000051930)
