5,934865000
5,938462000
5,942024000
5,946163000
5,950025000
5,953704000
5,962084000
5,965736000
5,969370000
5,972945000
5,976673000
5,980269000
5,984180000
5,988144000
5,991841000
5,996285000
5,999846000
6,003439000
6,007091000
6,010803000
6,018675000
6,022504000
6,026118000
6,029791000
6,033283000
6,037004000
6,040530000
6,046126000
6,050551000
6,054240000
6,058033000
6,061662000
6,065405000
6,073584000
6,077385000
6,080927000
6,084808000
6,088461000
6,092378000
6,096790000
6,100469000
6,104348000
6,108308000
6,112041000
6,115504000
6,119585000
6,127292000
6,131076000
6,134797000
6,138670000
6,142467000
6,146990000
6,150483000
6,154232000
6,157800000
6,161478000
6,165019000
6,168903000
6,172704000
6,176657000
6,184187000
6,187695000
6,191248000
6,194950000
6,198826000
6,202476000
6,206351000
6,209954000
6,213421000
6,217138000
6,221208000
6,224906000
6,229179000
6,233239000
6,240879000
6,244521000
6,248125000
6,251792000
6,255526000
6,259278000
6,262765000
6,266548000
6,270762000
6,274277000
6,277771000
6,281628000
6,285450000
6,289299000
6,297700000
6,301445000
6,305039000
6,308911000
6,312411000
6,316507000
6,320887000
6,324815000
6,328496000
6,332312000
6,336026000
6,339458000
6,343223000
6,347310000
6,355310000
6,358915000
6,362764000
6,366350000
6,370862000
6,374591000
6,378441000
6,382247000
6,385825000
6,389717000
6,393301000
6,397384000
6,400868000
6,404902000
6,413088000
6,416884000
6,421181000
6,424706000
6,428622000
6,432415000
6,436521000
6,439917000
6,443821000
6,447387000
6,451279000
6,454731000
6,458570000
6,462398000
6,471472000
6,475405000
6,479009000
6,482810000
6,486388000
6,490165000
6,493989000
6,498367000
6,501845000
6,505518000
6,509028000
6,512888000
6,516548000
6,521020000
6,529311000
6,533128000
6,536900000
6,540606000
6,544481000
6,547972000
6,551782000
6,555462000
6,559267000
6,562998000
6,566804000
6,570961000
6,574540000
6,578341000
6,586560000
6,590452000
6,594167000
6,597763000
6,601733000
6,605396000
6,609030000
6,612632000
6,616800000
6,621037000
6,624479000
6,627806000
6,631664000
6,635464000
6,643256000
6,647276000
6,651127000
6,654835000
6,658638000
6,662192000
6,666070000
6,669717000
6,676059000
6,679954000
6,683306000
6,687086000
6,690732000
6,698791000
6,702451000
6,706377000
6,710117000
6,713624000
6,717100000
6,721557000
6,725045000
6,728594000
6,732277000
6,736297000
6,740148000
6,743644000
6,747422000
6,755791000
6,759597000
6,763165000
6,767055000
6,771216000
6,775037000
6,778775000
6,782427000
6,786287000
6,789828000
6,793509000
6,797468000
6,801150000
6,804630000
6,812262000
6,815803000
6,819471000
6,823039000
6,827285000
6,830739000
6,834402000
6,838163000
6,842020000
6,846554000
6,850019000
6,853683000
6,857547000
6,861103000
6,869365000
6,872971000
6,876696000
6,880203000
6,883826000
6,887881000
6,891500000
6,895776000
6,899335000
6,903067000
6,906630000
6,910283000
6,913810000
6,917895000
6,926728000
6,930378000
6,934199000
6,937726000
6,941377000
6,945119000
6,948845000
6,952355000
6,956064000
6,959700000
6,963224000
6,966724000
6,971078000
6,974956000
6,983716000
6,987279000
6,991126000
6,994720000
6,998364000
6,998364000
6,990584000
6,983324000
6,975402000
6,968086000
6,959064000
6,951306000
6,944359000
6,936954000
6,918423000
6,909372000
6,902184000
6,894300000
6,887313000
6,879462000
6,872270000
6,864095000
6,857120000
6,850134000
6,842710000
6,835694000
6,828176000
6,821033000
6,803548000
6,795570000
6,787907000
6,781125000
6,773964000
6,766924000
6,757620000
6,749383000
6,742397000
6,734775000
6,727839000
6,720103000
6,712722000
6,704971000
6,688996000
6,680343000
6,673339000
6,665663000
6,658356000
6,650820000
6,643779000
6,636736000
6,628926000
6,621114000
6,614034000
6,606829000
6,599384000
6,592217000
6,575829000
6,567967000
6,558814000
6,551210000
6,544281000
6,536659000
6,529938000
6,522830000
6,515308000
6,507424000
6,499821000
6,492668000
6,485027000
6,477808000
6,460445000
6,453126000
6,445490000
6,437992000
6,430623000
6,422909000
6,415360000
6,407160000
6,400120000
6,392266000
6,384648000
6,376856000
6,369695000
6,360897000
6,344580000
6,336614000
6,328388000
6,321021000
6,313944000
6,306747000
6,299031000
6,292036000
6,284278000
6,277473000
6,269032000
6,260504000
6,253242000
6,245473000
6,229890000
6,223090000
6,215485000
6,207719000
6,199711000
6,192390000
6,185231000
6,177894000
6,169890000
6,162733000
6,155090000
6,147498000
6,139517000
6,132451000
6,116503000
6,107563000
6,100626000
6,093342000
6,085195000
6,077744000
6,070333000
6,062897000
6,055532000
6,048137000
6,040915000
6,033417000
6,025653000
6,018844000
6,002245000
5,994934000
5,987711000
5,980338000
5,973200000
5,964946000
5,957139000
5,950039000
5,942796000
5,935584000
5,928074000
5,920388000
5,913059000
5,905446000
5,890155000
5,882716000
5,875363000
5,868459000
5,859575000
5,851963000
5,838425000
5,830698000
5,823199000
5,815551000
5,807929000
5,800759000
5,793579000
5,777262000
5,769844000
5,762567000
5,755596000
5,748305000
5,740836000
5,733255000
5,724761000
5,717386000
5,707956000
5,700464000
5,692858000
5,685501000
5,678239000
5,660129000
5,652852000
5,645952000
5,638619000
5,631248000
5,623809000
5,616725000
5,608038000
5,600706000
5,593472000
5,585956000
5,578691000
5,571091000
5,563516000
5,547624000
5,539655000
5,532002000
5,524781000
5,517312000
5,508751000
5,501752000
5,494412000
5,486120000
5,479061000
5,471739000
5,464722000
5,456969000
5,449753000
5,434523000
5,425780000
5,418582000
5,409743000
5,402334000
5,395178000
5,387774000
5,380707000
5,373638000
5,365641000
5,358159000
5,351044000
5,343253000
5,336222000
5,320802000
5,312536000
5,304672000
5,297227000
5,290164000
5,282644000
5,275476000
5,267892000
5,258999000
5,251161000
5,243653000
5,236699000
5,229687000
5,222272000
5,206564000
5,198874000
5,190891000
5,183655000
5,176692000
5,168891000
5,160553000
5,152949000
5,145292000
5,138008000
5,130159000
5,123060000
5,115260000
5,107750000
5,091391000
5,083591000
5,076287000
5,068076000
5,058826000
5,051466000
5,044431000
5,036791000
5,029551000
5,021695000
5,014808000
5,006170000
4,998985000
4,982937000
4,975115000
4,967608000
4,959110000
4,951270000
4,943660000
4,936535000
4,929532000
4,922150000
4,915177000
4,907847000
4,900560000
4,892720000
4,884623000
4,868697000
4,860437000
4,853023000
4,846035000
4,838599000
4,830919000
4,823525000
4,816417000
4,808385000
4,801367000
4,794145000
4,786814000
4,779247000
4,771233000
4,755086000
4,747717000
4,740474000
4,733188000
4,726107000
4,718492000
4,709278000
4,702156000
4,694951000
4,687554000
4,680423000
4,672800000
4,665868000
4,658232000
4,641845000
4,634063000
4,626882000
4,619081000
4,610506000
4,603419000
4,595854000
4,588144000
4,580421000
4,573129000
4,565455000
4,557809000
4,550130000
4,534797000
4,527270000
4,519561000
4,510367000
4,502314000
4,495047000
4,487795000
4,480685000
4,473585000
4,465662000
4,458330000
4,450473000
4,443739000
4,436033000
4,420326000
4,413101000
4,405215000
4,397743000
4,390476000
4,383564000
4,376036000
4,368865000
4,360409000
4,353191000
4,345474000
4,338567000
4,330932000
4,323341000
4,307422000
4,300309000
4,293395000
4,284641000
4,276854000
4,269694000
4,262437000
4,255291000
4,248495000
4,240811000
4,233708000
4,225689000
4,218872000
4,210601000
4,194691000
4,187672000
4,180145000
4,172735000
4,165165000
4,157096000
4,149749000
4,142509000
4,135052000
4,127556000
4,120104000
4,112415000
4,104623000
4,097210000
4,081646000
4,074218000
4,066476000
4,058436000
4,050747000
4,043930000
4,036220000
4,028986000
4,021441000
4,014294000
4,006953000
3,994254000
3,986228000
3,970945000
3,963472000
3,956088000
3,948465000
3,940264000
3,932796000
3,924908000
3,917650000
3,909027000
3,901696000
3,894197000
3,887388000
3,880160000
3,872887000
3,856016000
3,848733000
3,841371000
3,833982000
3,826451000
3,819057000
3,810000000
3,802922000
3,795722000
3,788485000
3,781305000
3,774325000
3,767465000
3,759125000
3,742866000
3,735807000
3,728464000
3,721297000
3,713972000
3,706764000
3,699430000
3,692147000
3,684261000
3,677189000
3,669930000
3,662558000
3,655300000
3,648109000
3,632814000
3,625032000
3,617520000
3,608251000
3,600636000
3,593435000
3,586290000
3,579134000
3,571346000
3,563617000
3,556572000
3,548959000
3,541881000
3,534882000
3,518970000
3,510030000
3,503040000
3,495799000
3,488370000
3,481291000
3,474146000
3,466885000
3,458089000
3,449926000
3,443058000
3,435919000
3,428698000
3,421681000
3,404185000
3,397007000
3,388867000
3,381868000
3,373974000
3,366826000
3,358528000
3,351337000
3,344160000
3,337044000
3,328953000
3,321972000
3,313601000
3,306216000
3,289251000
3,281402000
3,274501000
3,266000000
3,258106000
3,250878000
3,243300000
3,236077000
3,229179000
3,222066000
3,214926000
3,206845000
3,199228000
3,191993000
3,175978000
3,169146000
3,159969000
3,152570000
3,144422000
3,136894000
3,129762000
3,122023000
3,115169000
3,107359000
3,100242000
3,093139000
3,085147000
3,077993000
3,062162000
3,054918000
3,047062000
3,040145000
3,032665000
3,024794000
3,016983000
3,007921000
3,000895000
3,000895000
3,004331000
3,008205000
3,012076000
3,015915000
3,023832000
3,027806000
3,031366000
3,035241000
3,038921000
3,043602000
3,047217000
3,050684000
3,054178000
3,057918000
3,061389000
3,065251000
3,068782000
3,072673000
3,080801000
3,084371000
3,088193000
3,092297000
3,096198000
3,100103000
3,103978000
3,107837000
3,111597000
3,115491000
3,119262000
3,122906000
3,126698000
3,130263000
3,138233000
3,142661000
3,146634000
3,150221000
3,154254000
3,157833000
3,161789000
3,165344000
3,169239000
3,172842000
3,176598000
3,180198000
3,184027000
3,187590000
3,195879000
3,199699000
3,203580000
3,207195000
3,211160000
3,214704000
3,218670000
3,222645000
3,226295000
3,229597000
3,233379000
3,236884000
3,240386000
3,244300000
3,251999000
3,255894000
3,259583000
3,263133000
3,267908000
3,271519000
3,275117000
3,278926000
3,282674000
3,286483000
3,290071000
3,293967000
3,297571000
3,301328000
3,309324000
3,313371000
3,317672000
3,321428000
3,325332000
3,329112000
3,332891000
3,336430000
3,340254000
3,344322000
3,347872000
3,351307000
3,354736000
3,358496000
3,367031000
3,370536000
3,374505000
3,378361000
3,382332000
3,386041000
3,389548000
3,393219000
3,396592000
3,400386000
3,404402000
3,407987000
3,411594000
3,415420000
3,423046000
3,426530000
3,430239000
3,437008000
3,440895000
3,444395000
3,448032000
3,451690000
3,455278000
3,458851000
3,462789000
3,467384000
3,471430000
3,479700000
3,483635000
3,487400000
3,491206000
3,495045000
3,498517000
3,502066000
3,505713000
3,509251000
3,512867000
3,516959000
3,520625000
3,524681000
3,528410000
3,536375000
3,539935000
3,543742000
3,547420000
3,550865000
3,555060000
3,558751000
3,562355000
3,566265000
3,569776000
3,573370000
3,576991000
3,580437000
3,584562000
3,593187000
3,596843000
3,600555000
3,604064000
3,607819000
3,611931000
3,615448000
3,618935000
3,622484000
3,626287000
3,629717000
3,633534000
3,637177000
3,641132000
3,649378000
3,653215000
3,656605000
3,660192000
3,663949000
3,668582000
3,673066000
3,676599000
3,680360000
3,683836000
3,687650000
3,692212000
3,695812000
3,703457000
3,707261000
3,710714000
3,714298000
3,718128000
3,721659000
3,725555000
3,728965000
3,732978000
3,736731000
3,740199000
3,743806000
3,747391000
3,751179000
3,758881000
3,763001000
3,767262000
3,770881000
3,774709000
3,778360000
3,782337000
3,785959000
3,789529000
3,793661000
3,797444000
3,801023000
3,804872000
3,808498000
3,817216000
3,820876000
3,824895000
3,828525000
3,832222000
3,835955000
3,839875000
3,843868000
3,847375000
3,851243000
3,855196000
3,859073000
3,862625000
3,867005000
3,875174000
3,878940000
3,882774000
3,886479000
3,889932000
3,893892000
3,897593000
3,901199000
3,904778000
3,908596000
3,912529000
3,917031000
3,920913000
3,924508000
3,932515000
3,936098000
3,939998000
3,944157000
3,948012000
3,951601000
3,955487000
3,960793000
3,964514000
3,968335000
3,972379000
3,976125000
3,979525000
3,988048000
3,992368000
3,995988000
3,999445000
4,003487000
4,007155000
4,010850000
4,014287000
4,018303000
4,021959000
4,025868000
4,029665000
4,033683000
4,037081000
4,044987000
4,048617000
4,052160000
4,055955000
4,059352000
4,063811000
4,068586000
4,072199000
4,075604000
4,079442000
4,083187000
4,086951000
4,090525000
4,094389000
4,102237000
4,105990000
4,109921000
4,113428000
4,117970000
4,122017000
4,125427000
4,129284000
4,132701000
4,136252000
4,140061000
4,143703000
4,147326000
4,150980000
4,159580000
4,163179000
4,167694000
4,171532000
4,175192000
4,178871000
4,182853000
4,186631000
4,190356000
4,194049000
4,197657000
4,201527000
4,205121000
4,208959000
4,217950000
4,221628000
4,225196000
4,228832000
4,232355000
4,236302000
4,240139000
4,244250000
4,248174000
4,251631000
4,255424000
4,258911000
4,262320000
4,266041000
4,273653000
4,277441000
4,281107000
4,284677000
4,288222000
4,292478000
4,296038000
4,299633000
4,303703000
4,307358000
4,311042000
4,314655000
4,318577000
4,322017000
4,329996000
4,334296000
4,338202000
4,342578000
4,346278000
4,350342000
4,354177000
4,357872000
4,362034000
4,365634000
4,369049000
4,372587000
4,376009000
4,382291000
4,390223000
4,394445000
4,398222000
4,401886000
4,405571000
4,409483000
4,412941000
4,417161000
4,420796000
4,424749000
4,428373000
4,431936000
4,435606000
4,439170000
4,446896000
4,450834000
4,454850000
4,458451000
4,461894000
4,465577000
4,469123000
4,472540000
4,476068000
4,479656000
4,483610000
4,487353000
4,490880000
4,494696000
4,502707000
4,506343000
4,509792000
4,513665000
4,518335000
4,522251000
4,526124000
4,529684000
4,533587000
4,537085000
4,540746000
4,544745000
4,548245000
4,552202000
4,559882000
4,565226000
4,569185000
4,573406000
4,577342000
4,580862000
4,584761000
4,588360000
4,592597000
4,596319000
4,599968000
4,603900000
4,607656000
4,615470000
4,619122000
4,622812000
4,626601000
4,630474000
4,634261000
4,638098000
4,642966000
4,646612000
4,650286000
4,653832000
4,657475000
4,661033000
4,664944000
4,673596000
4,677208000
4,680975000
4,684464000
4,688280000
4,693113000
4,696785000
4,700596000
4,704182000
4,707760000
4,711517000
4,715101000
4,718633000
4,722547000
4,730526000
4,734184000
4,737790000
4,742132000
4,746009000
4,749569000
4,753498000
4,757062000
4,760759000
4,764290000
4,768363000
4,771782000
4,775696000
4,779354000
4,787749000
4,792157000
4,795660000
4,799205000
4,803017000
4,806736000
4,810443000
4,814603000
4,818429000
4,822313000
4,825830000
4,829759000
4,833265000
4,836797000
4,844861000
4,848738000
4,852453000
4,856032000
4,859910000
4,863450000
4,867886000
4,872047000
4,875528000
4,879277000
4,882797000
4,886630000
4,890454000
4,894368000
4,902099000
4,906001000
4,909603000
4,912986000
4,917547000
4,921395000
4,924968000
4,928860000
4,932621000
4,936474000
4,940036000
4,944013000
4,947575000
4,951383000
4,959453000
4,963624000
4,967795000
4,971687000
4,975553000
4,978982000
4,982796000
4,986236000
4,989715000
4,993802000
4,997349000
5,000903000
5,004501000
5,008313000
5,016977000
5,020851000
5,024806000
5,028260000
5,031896000
5,035714000
5,039151000
5,043606000
5,047422000
5,050927000
5,054789000
5,058257000
5,061875000
5,065702000
5,073580000
5,077157000
5,080700000
5,084487000
5,088249000
5,092289000
5,095943000
5,099564000
5,103233000
5,106630000
5,110141000
5,114332000
5,118260000
5,121746000
5,129611000
5,133319000
5,137013000
5,140962000
5,144989000
5,148595000
5,152182000
5,155884000
5,159485000
5,163221000
5,167591000
5,171267000
5,175231000
5,178846000
5,187018000
5,190610000
5,194039000
5,197680000
5,201481000
5,205457000
5,209223000
5,213060000
5,217353000
5,221141000
5,224810000
5,228149000
5,231979000
5,235533000
5,243551000
5,247451000
5,251014000
5,254899000
5,258717000
5,262569000
5,266079000
5,269762000
5,273439000
5,277183000
5,280589000
5,284056000
5,287712000
5,292470000
5,300436000
5,303798000
5,307683000
5,311112000
5,315155000
5,318851000
5,322917000
5,326445000
5,330189000
5,333744000
5,337472000
5,343961000
5,347539000
5,355289000
5,359040000
5,362658000
5,366291000
5,370006000
5,373943000
5,377336000
5,380840000
5,384574000
5,388032000
5,392245000
5,395790000
5,399444000
5,403156000
5,411191000
5,415439000
5,418956000
5,422440000
5,426438000
5,430091000
5,434000000
5,437515000
5,442204000
5,446011000
5,449570000
5,453244000
5,456924000
5,460456000
5,468625000
5,472500000
5,476287000
5,479830000
5,483538000
5,487220000
5,491144000
5,494805000
5,498698000
5,502561000
5,506327000
5,509836000
5,513319000
5,517704000
5,525677000
5,529642000
5,533777000
5,537601000
5,541327000
5,545019000
5,548641000
5,552182000
5,555834000
5,559330000
5,563241000
5,567490000
5,571190000
5,574732000
5,582687000
5,586284000
5,590151000
5,594204000
5,597989000
5,601635000
5,605570000
5,609108000
5,612940000
5,617145000
5,620863000
5,624998000
5,628560000
5,632403000
5,640559000
5,644147000
5,647748000
5,651867000
5,655299000
5,659055000
5,662735000
5,667528000
5,671335000
5,674715000
5,678246000
5,682266000
5,686126000
5,689897000
5,697510000
5,701469000
5,705098000
5,708838000
5,712746000
5,717287000
5,721108000
5,724526000
5,728358000
5,732120000
5,735859000
5,739631000
5,743897000
5,747396000
5,755302000
5,759043000
5,762930000
5,767155000
5,770834000
5,774853000
5,778602000
5,782396000
5,786113000
5,789645000
5,793434000
5,796953000
5,800703000
5,804668000
5,812532000
5,816155000
5,819861000
5,823344000
5,826850000
5,830732000
5,834641000
5,838404000
5,842911000
5,846459000
5,850321000
5,853920000
5,857836000
5,861813000
5,869981000
5,873662000
5,877390000
5,880955000
5,884758000
5,888418000
5,893417000
5,896960000
5,900391000
5,904253000
5,907645000
5,911498000
5,915190000
5,918911000
5,927333000
5,931118000
5,934719000
5,938322000
5,942533000
5,946673000
5,950163000
5,954170000
5,957755000
5,961325000
5,964901000
5,968908000
5,972291000
5,976085000
5,984015000
5,988070000
5,992555000
5,996273000
5,999825000
6,003745000
6,007299000
6,011081000
6,014969000
6,018709000
6,022127000
6,025853000
6,029424000
6,032949000
6,040767000
6,044751000
6,048610000
6,052343000
6,056095000
6,059876000
6,063619000
6,067942000
6,072047000
6,075969000
6,079498000
6,083069000
6,086576000
6,090438000
6,098653000
6,102618000
6,106360000
6,109998000
6,113594000
6,118500000
6,122120000
6,125782000
6,129516000
6,133205000
6,136945000
6,140326000
6,143767000
6,147566000
6,155231000
6,158921000
6,162805000
6,167027000
6,170699000
6,174288000
6,177831000
6,181263000
6,184844000
6,188552000
6,193442000
6,197236000
6,200905000
6,204540000
6,212866000
6,217294000
6,220955000
6,224940000
6,228647000
6,232338000
6,235985000
6,239426000
6,243001000
6,246608000
6,250306000
6,254251000
6,257876000
6,261403000
6,269266000
6,273151000
6,276801000
6,280467000
6,284428000
6,288125000
6,292307000
6,296014000
6,299688000
6,303173000
6,306757000
6,310359000
6,314239000
6,318143000
6,326130000
6,332715000
6,336399000
6,339991000
6,344131000
6,348174000
6,351790000
6,355528000
6,359025000
6,362576000
6,366916000
6,370830000
6,374774000
6,382561000
6,386189000
6,389867000
6,393494000
6,397038000
6,400669000
6,404960000
6,408363000
6,411911000
6,415654000
6,419095000
6,422736000
6,426409000
6,429994000
6,438426000
6,442859000
6,446851000
6,450484000
6,454306000
6,457952000
6,462046000
6,465675000
6,469250000
6,472834000
6,476696000
6,480326000
6,484204000
6,487903000
6,496128000
6,499933000
6,503548000
6,507251000
6,510862000
6,514661000
6,518576000
6,522525000
6,526322000
6,529957000
6,533748000
6,537518000
6,541269000
6,544959000
6,553215000
6,557123000
6,561026000
6,564609000
6,568536000
6,572257000
6,576240000
6,579690000
6,583789000
6,587256000
6,591829000
6,595727000
6,599212000
6,607296000
6,610734000
6,614599000
6,618470000
6,622259000
6,626023000
6,629598000
6,633463000
6,637043000
6,640862000
6,645156000
6,648768000
6,652583000
6,656118000
6,663786000
6,668418000
6,672628000
6,676136000
6,679868000
6,683259000
6,686807000
6,690693000
6,694267000
6,697871000
6,701863000
6,705239000
6,708675000
6,712306000
6,720484000
6,724171000
6,727983000
6,732236000
6,735909000
6,739444000
6,743412000
6,747169000
6,750963000
6,754634000
6,758233000
6,762456000
6,766053000
6,769583000
6,777625000
6,781244000
6,784842000
6,788499000
6,793555000
6,797389000
6,800919000
6,804564000
6,808006000
6,811532000
6,815369000
6,818978000
6,823013000
6,826915000
6,835098000
6,838690000
6,843876000
6,847374000
6,851027000
6,854948000
6,858552000
6,862361000
6,866035000
6,869764000
6,873324000
6,876966000
6,880515000
6,884276000
6,892723000
6,896676000
6,900246000
6,904000000
6,907503000
6,911301000
6,915252000
6,919122000
6,922764000
6,926602000
6,930141000
6,933906000
6,937394000
6,941074000
6,949471000
6,953337000
6,956982000
6,961018000
6,964573000
6,968748000
6,972554000
6,976382000
6,980322000
6,983883000
6,987473000
6,991187000
6,994716000
6,998358000
6,998358000
6,990451000
6,983216000
6,975490000
6,968205000
6,960810000
6,953350000
6,945027000
6,937707000
6,930240000
6,923438000
6,915905000
6,909132000
6,901978000
6,885867000
6,876510000
6,869243000
6,862014000
6,854496000
6,847208000
6,839947000
6,831889000
6,823429000
6,816233000
6,808910000
6,801789000
6,794793000
6,787680000
6,772019000
6,763710000
6,755989000
6,748680000
6,741092000
6,734124000
6,725060000
6,716715000
6,709497000
6,701539000
6,694642000
6,687509000
6,680454000
6,673193000
6,656519000
6,648163000
6,641141000
6,633900000
6,625082000
6,617670000
6,610545000
6,603393000
6,596129000
6,588500000
6,581373000
6,574037000
6,566427000
6,559153000
6,542903000
6,535857000
6,526209000
6,518561000
6,511508000
6,504261000
6,497166000
6,489709000
6,482398000
6,475004000
6,466574000
6,458958000
6,452099000
6,444349000
6,427172000
6,419503000
6,411788000
6,403879000
6,396681000
6,389431000
6,382329000
6,368276000
6,361204000
6,353432000
6,345542000
6,338074000
6,330184000
6,314073000
6,306245000
6,299029000
6,291617000
6,283556000
6,275550000
6,267909000
6,260165000
6,252684000
6,244702000
6,236944000
6,229308000
6,221462000
6,206042000
6,198766000
6,191187000
6,184353000
6,174858000
6,166942000
6,159259000
6,151801000
6,144922000
6,137301000
6,130137000
6,122426000
6,115249000
6,106660000
6,090191000
6,082878000
6,075296000
6,067902000
6,061091000
6,053504000
6,045470000
6,038283000
6,030936000
6,023429000
6,016322000
6,008471000
6,001419000
5,993759000
5,975379000
5,967935000
5,960239000
5,953193000
5,945215000
5,938037000
5,930519000
5,922431000
5,914655000
5,907052000
5,900033000
5,893308000
5,885504000
5,876603000
5,860754000
5,852931000
5,845958000
5,838993000
5,831101000
5,823822000
5,816089000
5,808104000
5,800729000
5,793057000
5,785935000
5,777206000
5,769689000
5,762349000
5,746603000
5,738972000
5,730736000
5,723011000
5,715809000
5,708328000
5,701372000
5,694394000
5,686532000
5,677706000
5,670426000
5,662972000
5,655839000
5,648503000
5,633075000
5,624546000
5,617516000
5,610855000
5,603540000
5,596599000
5,589634000
5,581580000
5,574075000
5,565933000
5,558816000
5,551777000
5,544276000
5,537250000
5,521159000
5,513929000
5,505931000
5,498978000
5,491400000
5,483928000
5,475602000
5,468645000
5,461346000
5,453826000
5,445684000
5,438190000
5,431268000
5,424154000
5,408640000
5,401426000
5,394166000
5,385794000
5,377072000
5,369555000
5,362390000
5,355017000
5,347681000
5,340635000
5,333661000
5,325158000
5,317286000
5,309899000
5,294872000
5,287495000
5,280094000
5,272609000
5,264425000
5,257253000
5,249827000
5,242435000
5,235192000
5,225856000
5,218455000
5,210677000
5,202718000
5,195740000
5,180187000
5,172982000
5,165421000
5,158274000
5,150924000
5,143107000
5,135547000
5,127080000
5,119686000
5,112155000
5,105144000
5,097963000
5,090930000
5,083103000
5,067133000
5,059955000
5,052216000
5,045531000
5,038327000
5,030713000
5,022264000
5,014922000
5,007310000
4,999641000
4,992110000
4,985435000
4,976324000
4,968117000
4,952320000
4,945071000
4,937717000
4,930530000
4,922988000
4,916219000
4,907886000
4,900886000
4,893044000
4,885655000
4,876905000
4,869028000
4,862111000
4,854319000
4,837538000
4,829981000
4,822651000
4,815078000
4,808282000
4,800621000
4,793116000
4,784192000
4,775462000
4,768233000
4,760752000
4,753993000
4,746199000
4,738848000
4,722676000
4,714520000
4,706901000
4,699588000
4,692099000
4,684659000
4,675235000
4,667297000
4,660490000
4,652472000
4,645585000
4,634440000
4,625350000
4,609775000
4,601341000
4,594330000
4,586678000
4,577876000
4,570562000
4,562815000
4,555440000
4,547082000
4,539628000
4,532686000
4,525346000
4,517514000
4,510403000
4,494533000
4,486919000
4,479509000
4,472287000
4,465539000
4,458310000
4,451071000
4,443616000
4,436133000
4,426986000
4,419831000
4,412629000
4,405568000
4,398355000
4,382699000
4,375383000
4,367329000
4,360270000
4,343001000
4,331851000
4,323987000
4,316726000
4,309140000
4,300942000
4,293727000
4,286369000
4,270204000
4,263180000
4,255873000
4,247926000
4,241097000
4,234246000
4,225060000
4,217248000
4,209763000
4,202465000
4,194899000
4,186457000
4,177276000
4,161420000
4,154114000
4,146705000
4,139011000
4,131486000
4,123520000
4,116734000
4,109427000
4,102336000
4,095364000
4,087930000
4,080311000
4,072996000
4,064923000
4,049506000
4,042069000
4,034428000
4,026115000
4,018758000
4,011645000
4,003690000
3,996304000
3,989199000
3,981449000
3,974014000
3,966018000
3,958448000
3,951214000
3,934871000
3,925865000
3,918555000
3,911389000
3,904024000
3,897062000
3,889890000
3,882134000
3,874526000
3,867365000
3,860226000
3,852684000
3,845637000
3,838459000
3,822513000
3,813920000
3,806433000
3,798833000
3,791630000
3,784072000
3,775764000
3,767557000
3,760423000
3,753213000
3,746017000
3,738525000
3,731517000
3,724348000
3,708058000
3,699386000
3,692264000
3,685021000
3,676107000
3,668532000
3,661416000
3,654071000
3,645576000
3,638350000
3,630585000
3,622981000
3,615493000
3,600093000
3,592962000
3,584908000
3,575614000
3,567740000
3,560663000
3,552832000
3,545183000
3,538073000
3,530715000
3,522399000
3,515297000
3,507401000
3,491656000
3,483918000
3,475115000
3,467030000
3,459118000
3,452277000
3,445154000
3,437771000
3,430538000
3,423078000
3,416378000
3,408182000
3,401250000
3,393363000
3,375030000
3,367700000
3,359462000
3,352350000
3,344202000
3,336329000
3,327184000
3,319958000
3,312025000
3,305189000
3,298027000
3,290425000
3,282793000
3,266316000
3,258564000
3,251158000
3,243032000
3,235510000
3,225556000
3,218010000
3,210187000
3,202780000
3,195048000
3,188083000
3,180187000
3,172995000
3,156054000
3,148972000
3,141082000
3,134099000
3,125147000
3,118061000
3,110507000
3,102795000
3,095253000
3,087878000
3,080382000
3,073343000
3,065804000
3,058558000
3,042318000
3,034152000
3,024860000
3,017414000
3,010534000
3,002724000
3,002724000
3,006871000
3,010588000
3,014097000
3,017541000
3,021340000
3,024886000
3,028258000
3,037018000
3,041112000
3,044533000
3,048498000
3,052136000
3,055670000
3,059328000
3,062908000
3,066863000
3,073189000
3,077064000
3,080766000
3,084581000
3,094666000
3,098928000
3,102871000
3,106713000
3,110360000
3,114000000
3,117797000
3,121314000
3,125114000
3,129070000
3,132754000
3,136930000
3,140394000
3,147993000
3,151632000
3,155490000
3,159337000
3,163087000
3,166738000
3,170387000
3,173740000
3,177609000
3,181272000
3,185199000
3,188937000
3,192673000
3,196366000
3,204280000
3,208409000
3,212577000
3,216428000
3,219984000
3,223366000
3,227072000
3,230602000
3,233963000
3,237970000
3,241543000
3,245209000
3,249189000
3,252946000
3,261655000
3,265406000
3,268990000
3,272832000
3,276848000
3,280272000
3,283810000
3,287538000
3,291193000
3,294718000
3,298131000
3,301664000
3,305551000
3,309527000
3,317399000
3,321174000
3,324718000
3,328451000
3,331833000
3,335496000
3,339153000
3,342888000
3,346592000
3,350378000
3,353832000
3,357306000
3,362223000
3,366250000
3,374000000
3,377837000
3,381477000
3,385000000
3,388582000
3,392176000
3,395892000
3,399307000
3,402857000
3,406563000
3,410075000
3,413829000
3,417590000
3,421183000
3,429012000
3,432927000
3,437260000
3,441125000
3,444468000
3,448400000
3,451944000
3,455496000
3,459474000
3,463158000
3,466944000
3,470589000
3,474184000
3,477707000
3,485727000
3,489622000
3,493349000
3,496925000
3,500527000
3,504057000
3,507488000
3,511657000
3,515169000
3,519055000
3,522717000
3,526503000
3,530258000
3,534232000
3,542108000
3,545920000
3,549902000
3,553808000
3,557376000
3,561522000
3,565139000
3,568984000
3,572500000
3,576217000
3,579643000
3,583135000
3,587306000
3,591161000
3,599059000
3,602655000
3,606841000
3,610467000
3,614116000
3,617665000
3,621517000
3,625104000
3,628915000
3,632305000
3,636820000
3,640408000
3,644160000
3,647715000
3,655681000
3,659517000
3,663206000
3,667164000
3,671063000
3,674634000
3,678600000
3,682195000
3,686562000
3,690131000
3,693776000
3,697705000
3,701549000
3,705228000
3,713316000
3,717013000
3,720665000
3,724182000
3,728227000
3,731920000
3,735530000
3,738919000
3,742850000
3,746620000
3,750426000
3,754065000
3,757876000
3,762342000
3,770287000
3,773982000
3,777869000
3,781660000
3,785493000
3,789381000
3,792955000
3,796414000
3,799955000
3,803554000
3,807106000
3,811389000
3,815273000
3,819711000
3,827235000
3,833641000
3,837802000
3,841471000
3,845280000
3,849188000
3,853054000
3,856584000
3,860369000
3,864065000
3,867849000
3,871288000
3,875199000
3,883400000
3,887547000
3,891130000
3,894793000
3,898675000
3,902423000
3,906361000
3,909983000
3,913498000
3,917433000
3,921075000
3,924929000
3,928339000
3,932155000
3,940551000
3,944526000
3,948293000
3,952058000
3,955555000
3,959610000
3,963451000
3,967337000
3,971255000
3,974846000
3,978688000
3,982357000
3,986889000
3,994862000
3,998804000
4,002735000
4,006334000
4,010235000
4,014111000
4,017995000
4,021688000
4,025591000
4,029368000
4,033058000
4,037529000
4,040839000
4,044346000
4,052112000
4,055930000
4,060276000
4,063952000
4,067560000
4,071023000
4,074462000
4,078187000
4,081526000
4,085363000
4,089093000
4,092815000
4,096399000
4,099904000
4,107963000
4,112471000
4,116391000
4,120110000
4,123778000
4,127295000
4,130788000
4,134138000
4,138053000
4,141714000
4,145375000
4,149341000
4,153098000
4,156678000
4,165096000
4,168873000
4,172499000
4,176610000
4,180124000
4,183523000
4,187934000
4,191540000
4,195337000
4,198821000
4,202593000
4,206520000
4,210548000
4,214200000
4,221893000
4,225706000
4,229430000
4,232966000
4,237805000
4,241857000
4,245454000
4,249043000
4,252531000
4,256246000
4,260093000
4,263687000
4,267695000
4,271180000
4,278999000
4,282755000
4,286908000
4,290862000
4,294431000
4,298463000
4,302196000
4,305562000
4,309295000
4,313056000
4,317117000
4,320725000
4,324164000
4,327899000
4,336459000
4,340324000
4,344028000
4,347709000
4,351377000
4,355060000
4,359008000
4,362868000
4,366478000
4,370328000
4,373901000
4,377542000
4,381134000
4,384952000
4,393540000
4,397491000
4,401145000
4,405215000
4,409190000
4,413019000
4,417161000
4,420965000
4,424647000
4,428438000
4,431850000
4,435508000
4,439165000
4,446768000
4,450958000
4,454402000
4,458018000
4,462724000
4,466325000
4,469987000
4,473876000
4,478044000
4,481542000
4,485100000
4,488795000
4,492378000
4,496091000
4,503830000
4,508083000
4,512413000
4,516046000
4,519695000
4,523411000
4,527288000
4,530976000
4,534857000
4,538872000
4,542761000
4,546288000
4,549784000
4,553478000
4,561808000
4,565549000
4,569487000
4,573031000
4,576823000
4,580496000
4,584059000
4,587902000
4,591368000
4,595225000
4,599048000
4,602810000
4,609225000
4,617153000
4,621078000
4,624891000
4,628794000
4,632834000
4,637233000
4,640982000
4,644653000
4,648196000
4,651763000
4,655560000
4,659412000
4,663216000
4,666708000
4,674734000
4,678436000
4,682291000
4,686991000
4,690718000
4,694647000
4,698524000
4,702186000
4,705758000
4,709544000
4,712986000
4,717127000
4,720866000
4,724616000
4,732344000
4,736655000
4,740368000
4,744111000
4,748063000
4,752236000
4,756053000
4,759633000
4,763406000
4,766836000
4,770783000
4,774340000
4,778775000
4,787564000
4,791015000
4,794996000
4,798764000
4,802540000
4,806528000
4,810294000
4,813939000
4,817730000
4,821239000
4,825011000
4,828382000
4,832184000
4,837110000
4,844684000
4,848269000
4,852085000
4,855976000
4,859696000
4,863054000
4,867472000
4,871055000
4,874579000
4,878019000
4,881749000
4,885321000
4,888719000
4,892268000
4,900752000
4,904657000
4,908197000
4,912886000
4,916568000
4,920119000
4,924039000
4,928059000
4,931910000
4,935313000
4,938833000
4,942447000
4,946202000
4,949795000
4,957437000
4,962044000
4,965842000
4,969600000
4,973175000
4,976908000
4,980635000
4,984417000
4,988641000
4,992540000
4,996296000
4,999974000
5,003675000
5,007305000
5,015521000
5,019500000
5,023236000
5,026846000
5,030628000
5,034145000
5,038119000
5,041727000
5,045483000
5,049422000
5,053068000
5,056793000
5,060288000
5,063924000
5,071701000
5,075082000
5,078988000
5,082716000
5,086957000
5,090787000
5,094522000
5,098264000
5,101950000
5,105359000
5,109166000
5,112916000
5,116724000
5,120206000
5,127881000
5,131396000
5,135036000
5,138912000
5,142707000
5,146317000
5,150191000
5,153870000
5,157526000
5,161854000
5,165522000
5,169406000
5,173120000
5,176911000
5,184799000
5,188524000
5,192101000
5,195791000
5,199693000
5,203488000
5,207231000
5,211389000
5,214874000
5,218559000
5,222339000
5,226287000
5,229818000
5,233497000
5,241920000
5,245589000
5,249330000
5,253191000
5,257308000
5,261765000
5,265550000
5,269088000
5,272796000
5,276439000
5,280077000
5,283703000
5,288059000
5,295784000
5,299366000
5,303300000
5,306863000
5,311337000
5,315106000
5,318861000
5,322690000
5,326314000
5,330122000
5,333603000
5,337906000
5,341497000
5,345070000
5,353315000
5,357154000
5,361324000
5,365022000
5,368834000
5,372458000
5,376683000
5,380242000
5,383844000
5,387661000
5,391091000
5,394648000
5,398309000
5,404655000
5,413407000
5,417416000
5,421257000
5,425125000
5,428637000
5,432418000
5,437013000
5,440753000
5,444466000
5,447905000
5,451683000
5,455122000
5,458600000
5,462717000
5,471403000
5,475128000
5,478999000
5,482567000
5,487237000
5,491036000
5,494603000
5,498576000
5,502321000
5,506128000
5,509773000
5,513517000
5,517134000
5,525557000
5,529371000
5,532928000
5,537154000
5,541002000
5,544918000
5,548563000
5,552496000
5,556443000
5,560167000
5,563698000
5,567437000
5,571172000
5,575043000
5,582660000
5,587126000
5,590531000
5,594486000
5,598030000
5,601930000
5,605661000
5,609460000
5,613271000
5,617252000
5,620694000
5,624499000
5,627943000
5,631773000
5,639766000
5,643250000
5,647321000
5,650837000
5,654592000
5,658140000
5,662679000
5,666574000
5,670367000
5,674255000
5,678126000
5,681902000
5,685451000
5,689199000
5,697254000
5,701183000
5,704611000
5,708796000
5,712589000
5,716327000
5,719853000
5,723699000
5,727303000
5,731146000
5,734733000
5,738881000
5,742374000
5,746106000
5,753952000
5,757391000
5,761934000
5,765562000
5,769444000
5,773323000
5,777047000
5,780702000
5,784531000
5,788343000
5,792016000
5,795919000
5,799982000
5,803505000
5,811841000
5,815531000
5,819118000
5,822793000
5,826789000
5,830465000
5,833977000
5,837966000
5,841634000
5,845411000
5,849000000
5,852675000
5,856744000
5,860512000
5,868604000
5,872423000
5,875975000
5,879887000
5,883436000
5,887554000
5,891037000
5,894833000
5,898679000
5,902814000
5,906491000
5,910269000
5,913769000
5,917848000
5,925596000
5,929348000
5,933124000
5,937439000
5,940884000
5,944493000
5,948453000
5,952146000
5,955756000
5,959383000
5,963332000
5,967286000
5,970870000
5,974595000
5,982542000
5,986950000
5,990558000
5,994216000
5,998097000
6,001676000
6,005539000
6,009459000
6,013213000
6,016773000
6,020391000
6,024100000
6,027709000
6,031416000
6,039366000
6,043381000
6,046873000
6,050336000
6,053997000
6,057698000
6,061903000
6,065473000
6,069604000
6,073144000
6,076765000
6,080407000
6,084025000
6,087828000
6,095658000
6,099751000
6,103431000
6,106932000
6,111361000
6,115100000
6,118986000
6,122584000
6,126838000
6,130546000
6,134227000
6,137606000
6,141351000
6,145008000
6,152689000
6,156555000
6,160077000
6,163698000
6,167173000
6,170587000
6,174256000
6,177938000
6,181942000
6,186573000
6,190388000
6,194001000
6,197585000
6,201045000
6,212506000
6,216667000
6,220551000
6,224244000
6,227901000
6,231698000
6,235166000
6,238755000
6,242628000
6,246469000
6,250177000
6,253713000
6,257146000
6,265069000
6,268608000
6,272214000
6,276113000
6,279849000
6,283415000
6,287490000
6,291041000
6,294617000
6,298316000
6,301845000
6,305373000
6,309289000
6,313303000
6,320938000
6,324972000
6,328781000
6,332481000
6,337006000
6,340628000
6,344210000
6,347859000
6,351704000
6,355512000
6,359367000
6,363048000
6,367231000
6,370717000
6,378779000
6,382459000
6,386916000
6,390444000
6,394213000
6,398553000
6,402142000
6,406034000
6,409854000
6,413955000
6,417589000
6,421511000
6,425502000
6,434022000
6,437981000
6,441599000
6,445361000
6,448915000
6,452727000
6,456775000
6,460500000
6,464092000
6,467976000
6,471766000
6,475509000
6,479556000
6,483299000
6,492030000
6,495954000
6,499777000
6,503784000
6,507682000
6,512260000
6,516305000
6,520305000
6,523904000
6,527761000
6,531786000
6,535582000
6,539172000
6,547266000
6,551174000
6,555035000
6,558656000
6,562699000
6,566585000
6,570123000
6,573730000
6,577679000
6,581468000
6,585380000
6,589334000
6,593008000
6,596973000
6,605112000
6,609189000
6,613175000
6,617014000
6,620964000
6,624395000
6,628332000
6,632087000
6,636705000
6,640758000
6,644584000
6,648304000
6,652108000
6,660023000
6,663774000
6,667880000
6,671541000
6,675204000
6,678730000
6,682729000
6,686918000
6,690554000
6,694477000
6,698369000
6,702384000
6,706165000
6,709678000
6,717390000
6,720908000
6,724949000
6,728977000
6,732513000
6,736943000
6,740736000
6,744314000
6,747905000
6,751856000
6,755517000
6,759648000
6,763603000
6,767251000
6,775359000
6,779011000
6,782894000
6,787532000
6,791290000
6,794887000
6,798497000
6,802134000
6,805688000
6,809180000
6,813228000
6,817207000
6,820975000
6,824524000
6,832926000
6,837717000
6,841778000
6,845547000
6,849412000
6,852985000
6,856735000
6,860476000
6,864161000
6,867620000
6,870948000
6,874805000
6,878923000
6,887316000
6,890989000
6,894401000
6,897839000
6,901597000
6,905146000
6,909179000
6,913059000
6,916599000
6,920094000
6,923433000
6,927185000
6,930826000
6,934924000
6,943292000
6,946977000
6,950645000
6,954330000
6,957908000
6,962375000
6,966223000
6,969934000
6,973619000
6,977098000
6,980556000
6,984420000
6,988358000
6,992323000
6,992323000
6,984755000
6,977778000
6,969409000
6,962060000
6,955368000
6,948112000
6,940268000
6,933605000
6,918417000
6,911085000
6,903651000
6,896297000
6,880215000
6,870960000
6,863689000
6,856525000
6,849196000
6,842075000
6,834420000
6,827195000
6,818101000
6,810395000
6,803322000
6,796179000
6,788925000
6,781212000
6,764921000
6,756573000
6,749617000
6,741895000
6,735203000
6,727348000
6,717970000
6,710805000
6,703733000
6,695703000
6,688245000
6,680703000
6,673400000
6,665779000
6,649905000
6,642283000
6,634525000
6,627672000
6,619226000
6,611908000
6,604726000
6,597752000
6,590994000
6,583083000
6,575035000
6,567843000
6,560661000
6,553432000
6,537763000
6,530277000
6,522818000
6,514703000
6,507190000
6,500228000
6,492352000
6,485121000
6,477869000
6,468970000
6,460871000
6,452922000
6,445784000
6,438280000
6,422711000
6,415718000
6,408376000
6,400539000
6,393384000
6,386316000
6,378551000
6,370159000
6,362929000
6,356189000
6,348508000
6,340548000
6,333331000
6,326258000
6,309241000
6,302166000
6,294219000
6,287525000
6,279780000
6,270836000
6,263009000
6,255233000
6,247872000
6,240047000
6,232917000
6,225308000
6,216915000
6,201222000
6,193125000
6,185538000
6,178630000
6,169379000
6,161415000
6,154104000
6,146457000
6,139227000
6,131657000
6,124305000
6,117037000
6,109667000
6,102282000
6,085589000
6,077884000
6,068872000
6,061528000
6,053629000
6,046434000
6,038111000
6,031296000
6,023973000
6,016253000
6,008536000
6,001384000
5,994102000
5,977393000
5,967849000
5,960548000
5,953536000
5,946434000
5,938832000
5,931181000
5,923853000
5,915992000
5,908456000
5,901282000
5,893822000
5,886949000
5,879772000
5,863587000
5,856094000
5,848765000
5,841621000
5,834407000
5,827096000
5,818506000
5,811036000
5,803633000
5,795872000
5,788237000
5,781236000
5,773871000
5,766773000
5,751676000
5,743165000
5,735024000
5,727618000
5,718183000
5,710799000
5,703940000
5,696559000
5,689260000
5,681079000
5,674238000
5,667166000
5,660059000
5,652981000
5,637149000
5,629925000
5,620841000
5,613205000
5,605676000
5,598213000
5,591125000
5,583920000
5,576715000
5,568374000
5,560690000
5,553763000
5,546752000
5,539025000
5,523344000
5,515945000
5,508193000
5,500520000
5,493103000
5,485891000
5,478873000
5,470115000
5,462893000
5,455655000
5,448358000
5,440224000
5,433010000
5,425756000
5,409118000
5,401881000
5,394357000
5,387031000
5,379040000
5,370775000
5,363306000
5,355852000
5,348627000
5,341416000
5,334385000
5,327270000
5,318229000
5,311031000
5,295094000
5,287332000
5,279582000
5,270558000
5,255712000
5,248065000
5,241282000
5,234039000
5,226781000
5,218414000
5,211215000
5,203439000
5,195805000
5,179256000
5,170435000
5,159075000
5,151556000
5,143683000
5,135639000
5,127778000
5,117641000
5,109192000
5,101192000
5,093589000
5,086139000
5,068311000
5,061148000
5,053672000
5,045873000
5,038012000
5,030598000
5,023560000
5,016122000
5,008982000
5,001737000
4,994812000
4,987114000
4,979737000
4,970786000
4,954796000
4,946444000
4,939117000
4,931674000
4,923936000
4,916396000
4,909530000
4,901503000
4,893655000
4,886518000
4,878892000
4,870270000
4,863275000
4,856540000
4,841196000
4,833163000
4,826399000
4,818192000
4,810895000
4,803849000
4,796207000
4,788707000
4,781301000
4,773463000
4,766345000
4,758588000
4,751372000
4,743894000
4,728143000
4,718641000
4,711230000
4,703911000
4,697047000
4,689898000
4,683000000
4,675991000
4,668178000
4,660437000
4,653054000
4,646019000
4,638663000
4,631630000
4,616118000
4,608373000
4,600167000
4,592963000
4,586156000
4,578110000
4,569519000
4,562499000
4,555654000
4,548223000
4,540336000
4,533027000
4,525477000
4,518030000
4,501683000
4,493847000
4,486813000
4,478102000
4,469394000
4,461765000
4,454538000
4,447227000
4,439409000
4,432237000
4,425277000
4,417497000
4,410300000
4,403442000
4,387921000
4,380761000
4,373333000
4,365788000
4,358027000
4,350755000
4,343634000
4,336075000
4,328595000
4,320023000
4,312711000
4,305835000
4,297618000
4,290504000
4,274871000
4,267257000
4,259414000
4,251752000
4,243843000
4,236080000
4,228744000
4,220299000
4,213206000
4,205300000
4,198072000
4,190756000
4,183660000
4,176114000
4,160085000
4,152723000
4,145285000
4,137227000
4,129821000
4,122502000
4,114616000
4,107932000
4,099942000
4,092815000
4,085126000
4,077980000
4,069220000
4,061584000
4,044959000
4,037672000
4,030538000
4,023284000
4,015512000
4,008037000
4,000339000
3,992584000
3,984980000
3,977811000
3,969493000
3,962254000
3,954803000
3,947147000
3,930553000
3,923077000
3,915793000
3,907627000
3,900199000
3,893211000
3,885849000
3,878222000
3,869382000
3,862195000
3,855194000
3,847896000
3,840589000
3,833462000
3,816666000
3,808524000
3,800951000
3,793081000
3,786228000
3,778423000
3,769791000
3,762180000
3,754258000
3,747091000
3,739899000
3,732537000
3,725474000
3,717434000
3,702122000
3,694303000
3,687007000
3,679139000
3,670822000
3,663877000
3,656815000
3,649683000
3,642500000
3,634820000
3,627699000
3,619024000
3,611827000
3,604864000
3,588938000
3,575065000
3,567255000
3,559744000
3,552428000
3,545402000
3,537082000
3,530149000
3,520954000
3,512933000
3,505104000
3,497976000
3,490614000
3,474402000
3,466735000
3,458925000
3,451252000
3,443644000
3,436364000
3,428992000
3,419616000
3,412474000
3,405207000
3,397504000
3,389794000
3,382655000
3,375097000
3,358622000
3,351233000
3,344016000
3,336098000
3,328458000
3,319606000
3,312372000
3,305444000
3,298446000
3,290976000
3,283920000
3,275737000
3,268395000
3,260713000
3,245079000
3,237087000
3,229933000
3,220598000
3,212673000
3,205965000
3,198914000
3,191283000
3,184127000
3,175873000
3,167457000
3,159250000
3,151971000
3,136309000
3,128727000
3,120577000
3,113584000
3,106565000
3,098296000
3,090522000
3,083392000
3,076279000
3,068640000
3,061453000
3,053803000
3,046710000
3,039001000
3,022263000
3,014421000
3,006876000
2,999579000
3,002954000
3,007011000
3,011287000
3,015177000
3,019004000
3,022484000
3,026391000
3,029982000
3,033762000
3,037757000
3,046387000
3,050033000
3,053599000
3,057347000
3,061034000
3,065048000
3,068928000
3,072464000
3,076095000
3,079669000
3,083577000
3,087094000
3,090996000
3,094532000
3,102798000
3,106821000
3,110712000
3,115103000
3,118919000
3,122834000
3,128081000
3,131974000
3,135673000
3,139965000
3,143589000
3,146985000
3,150340000
3,158336000
3,162340000
3,166183000
3,169800000
3,173676000
3,177440000
3,181285000
3,184981000
3,189840000
3,193465000
3,197122000
3,200800000
3,204299000
3,208069000
3,216012000
3,219933000
3,223402000
3,226813000
3,230743000
3,234349000
3,238647000
3,242237000
3,245916000
3,249829000
3,253408000
3,256780000
3,260506000
3,264971000
3,272788000
3,276434000
3,280550000
3,283981000
3,287995000
3,291517000
3,295231000
3,298829000
3,302373000
3,305970000
3,309884000
3,314405000
3,318235000
3,321751000
3,329918000
3,333544000
3,337120000
3,341289000
3,345068000
3,348763000
3,352310000
3,355947000
3,359846000
3,364264000
3,368170000
3,372107000
3,375576000
3,379252000
3,387627000
3,391406000
3,395080000
3,399009000
3,402853000
3,406379000
3,410213000
3,414347000
3,417991000
3,421653000
3,425296000
3,429413000
3,432950000
3,436781000
3,445019000
3,448591000
3,452290000
3,455916000
3,460156000
3,464789000
3,468590000
3,472088000
3,475869000
3,479266000
3,482765000
3,486333000
3,490383000
3,494390000
3,501981000
3,505680000
3,509481000
3,514009000
3,517878000
3,521875000
3,525620000
3,529162000
3,533100000
3,536761000
3,540693000
3,544076000
3,547954000
3,551912000
3,559956000
3,566708000
3,570369000
3,574133000
3,578243000
3,582183000
3,585944000
3,590006000
3,593650000
3,597220000
3,600868000
3,604443000
3,608301000
3,616562000
3,620358000
3,623755000
3,627317000
3,631033000
3,634737000
3,639656000
3,643151000
3,646741000
3,650418000
3,653859000
3,657733000
3,661218000
3,664955000
3,673084000
3,676887000
3,680603000
3,684581000
3,688936000
3,692711000
3,696214000
3,700225000
3,704150000
3,707586000
3,711371000
3,715109000
3,718906000
3,722687000
3,730266000
3,734419000
3,737992000
3,741898000
3,745630000
3,749346000
3,753059000
3,756851000
3,760576000
3,765143000
3,769084000
3,772600000
3,776457000
3,779813000
3,787968000
3,792162000
3,795947000
3,799346000
3,803140000
3,806856000
3,810672000
3,815152000
3,819300000
3,823014000
3,826858000
3,830632000
3,834005000
3,839078000
3,846982000
3,850791000
3,854779000
3,858180000
3,862199000
3,866058000
3,869603000
3,873025000
3,876865000
3,880920000
3,884632000
3,888771000
3,892574000
3,896392000
3,904181000
3,907965000
3,911974000
3,915866000
3,919555000
3,923513000
3,927086000
3,930648000
3,934321000
3,938072000
3,941836000
3,945362000
3,948905000
3,952509000
3,960596000
3,965004000
3,968952000
3,972497000
3,976192000
3,980143000
3,983819000
3,987537000
3,991310000
3,994691000
3,998742000
4,002148000
4,005896000
4,009595000
4,017182000
4,020998000
4,024753000
4,028661000
4,032416000
4,036308000
4,040133000
4,043746000
4,047106000
4,050636000
4,054259000
4,057618000
4,061456000
4,064885000
4,072496000
4,075987000
4,079896000
4,083490000
4,087239000
4,091655000
4,095228000
4,098917000
4,102615000
4,106260000
4,109940000
4,114298000
4,117666000
4,121509000
4,129171000
4,132619000
4,136215000
4,140053000
4,143725000
4,147559000
4,151509000
4,155123000
4,158697000
4,162361000
4,166241000
4,169796000
4,173316000
4,176844000
4,184798000
4,189347000
4,192906000
4,196501000
4,200146000
4,203730000
4,207529000
4,211467000
4,215403000
4,218924000
4,222563000
4,226188000
4,229813000
4,233228000
4,241273000
4,245300000
4,249008000
4,252666000
4,256260000
4,260369000
4,264783000
4,268762000
4,272542000
4,275900000
4,279506000
4,283222000
4,286745000
4,290461000
4,298235000
4,302168000
4,306010000
4,309649000
4,314138000
4,318083000
4,321610000
4,325303000
4,329138000
4,332835000
4,336577000
4,340364000
4,344031000
4,347746000
4,355441000
4,359634000
4,363832000
4,367511000
4,371089000
4,374950000
4,378595000
4,382301000
4,385880000
4,389840000
4,393345000
4,397199000
4,400715000
4,404281000
4,412642000
4,416576000
4,420609000
4,424662000
4,428284000
4,435390000
4,440586000
4,444376000
4,448040000
4,451938000
4,455595000
4,459321000
4,467640000
4,471352000
4,475140000
4,478973000
4,482802000
4,486266000
4,489979000
4,493837000
4,497464000
4,501136000
4,504629000
4,508507000
4,512413000
4,516052000
4,524229000
4,528039000
4,531575000
4,535412000
4,540384000
4,544147000
4,547743000
4,551491000
4,555140000
4,558972000
4,562739000
4,566229000
4,570270000
4,577913000
4,581409000
4,585341000
4,589910000
4,593834000
4,597607000
4,601580000
4,605101000
4,609040000
4,612502000
4,616389000
4,620069000
4,623619000
4,627388000
4,635503000
4,640342000
4,643986000
4,647741000
4,651582000
4,655380000
4,659339000
4,663755000
4,667442000
4,671069000
4,675004000
4,678606000
4,682605000
4,690288000
4,694295000
4,697938000
4,701409000
4,705294000
4,708653000
4,712638000
4,716089000
4,719942000
4,723635000
4,727506000
4,731083000
4,734885000
4,739023000
4,747262000
4,751275000
4,754925000
4,758507000
4,761951000
4,765690000
4,769646000
4,773221000
4,777095000
4,781283000
4,785207000
4,789444000
4,792915000
4,796804000
4,804568000
4,807977000
4,811996000
4,815409000
4,819254000
4,822855000
4,826645000
4,830287000
4,834081000
4,838940000
4,842944000
4,846433000
4,850027000
4,853574000
4,861452000
4,865347000
4,869287000
4,873081000
4,876822000
4,880472000
4,884109000
4,887792000
4,891559000
4,895301000
4,899446000
4,903146000
4,906784000
4,910281000
4,918509000
4,922071000
4,925908000
4,929855000
4,933361000
4,936955000
4,940718000
4,944192000
4,947937000
4,951695000
4,955293000
4,959138000
4,962645000
4,966478000
4,974261000
4,977770000
4,981450000
4,985111000
4,989709000
4,993278000
4,997100000
5,000847000
5,004364000
5,008176000
5,011761000
5,015226000
5,019083000
5,022482000
5,030156000
5,034005000
5,037545000
5,041193000
5,045145000
5,049089000
5,052846000
5,056463000
5,059968000
5,064383000
5,067929000
5,071761000
5,075237000
5,079465000
5,087296000
5,090875000
5,094351000
5,097885000
5,101604000
5,105410000
5,109278000
5,112999000
5,116685000
5,120375000
5,124003000
5,127416000
5,130802000
5,134404000
5,142113000
5,146285000
5,149868000
5,153534000
5,157236000
5,160796000
5,165385000
5,169327000
5,172898000
5,176911000
5,180434000
5,184007000
5,187625000
5,191069000
5,198681000
5,202714000
5,206431000
5,210144000
5,214478000
5,218173000
5,222179000
5,225729000
5,229595000
5,233415000
5,237189000
5,241017000
5,244678000
5,248269000
5,255959000
5,259827000
5,264132000
5,267759000
5,271327000
5,275051000
5,278544000
5,282165000
5,285855000
5,290370000
5,294302000
5,297809000
5,301393000
5,307928000
5,315767000
5,320117000
5,323578000
5,327285000
5,330973000
5,334773000
5,339017000
5,342479000
5,345940000
5,349856000
5,353261000
5,356833000
5,360573000
5,364840000
5,372593000
5,376028000
5,380155000
5,383717000
5,387475000
5,391023000
5,394853000
5,398469000
5,402370000
5,406048000
5,410005000
5,414621000
5,418407000
5,422629000
5,430585000
5,434405000
5,438061000
5,442008000
5,445898000
5,449442000
5,453016000
5,456799000
5,460240000
5,465068000
5,469137000
5,472764000
5,476509000
5,480340000
5,488976000
5,492941000
5,496517000
5,500560000
5,504438000
5,508272000
5,512183000
5,515659000
5,519639000
5,523581000
5,527481000
5,531515000
5,535128000
5,542871000
5,546804000
5,550263000
5,554210000
5,557700000
5,561782000
5,565424000
5,569118000
5,572847000
5,576800000
5,580595000
5,584453000
5,587889000
5,591808000
5,599473000
5,602906000
5,606444000
5,610121000
5,614377000
5,617896000
5,622011000
5,625435000
5,629243000
5,632907000
5,636956000
5,640489000
5,644440000
5,648127000
5,656711000
5,660399000
5,664890000
5,668567000
5,671962000
5,675871000
5,679859000
5,683530000
5,686908000
5,690457000
5,694333000
5,698011000
5,701868000
5,705417000
5,714588000
5,718191000
5,721683000
5,725243000
5,728652000
5,732162000
5,736062000
5,740132000
5,743679000
5,747457000
5,751390000
5,755051000
5,758473000
5,762018000
5,769932000
5,773840000
5,777316000
5,781007000
5,784628000
5,789421000
5,793247000
5,796759000
5,800661000
5,804332000
5,808233000
5,811756000
5,815733000
5,819312000
5,827439000
5,831449000
5,835240000
5,839648000
5,843341000
5,846886000
5,850492000
5,853977000
5,857764000
5,861716000
5,865701000
5,869578000
5,873213000
5,876986000
5,884898000
5,889391000
5,893127000
5,896831000
5,900571000
5,904554000
5,907893000
5,911611000
5,915166000
5,918939000
5,922626000
5,926002000
5,929742000
5,933448000
5,941707000
5,945577000
5,949633000
5,953315000
5,956983000
5,960540000
5,964898000
5,968510000
5,972192000
5,975635000
5,979531000
5,983068000
5,986720000
5,990435000
5,998734000
6,002387000
6,006010000
6,009777000
6,013898000
6,017618000
6,021375000
6,025146000
6,028854000
6,032261000
6,036069000
6,040390000
6,043981000
6,047659000
6,055289000
6,058936000
6,062748000
6,066343000
6,070374000
6,073987000
6,077777000
6,081342000
6,085025000
6,089327000
6,093230000
6,097000000
6,100980000
6,104713000
6,112402000
6,115994000
6,119641000
6,123227000
6,126812000
6,130888000
6,134767000
6,138905000
6,142601000
6,146344000
6,150115000
6,153664000
6,157373000
6,161668000
6,169688000
6,173311000
6,177105000
6,180731000
6,184335000
6,188006000
6,192025000
6,195945000
6,199533000
6,203041000
6,209835000
6,214111000
6,217761000
6,226477000
6,230092000
6,233829000
6,237525000
6,241311000
6,244866000
6,248889000
6,252401000
6,256145000
6,259488000
6,263659000
6,267252000
6,270888000
6,274522000
6,283174000
6,287198000
6,291096000
6,294958000
6,298615000
6,302083000
6,305812000
6,309631000
6,314096000
6,317849000
6,321310000
6,325126000
6,328734000
6,332577000
6,341017000
6,345168000
6,348736000
6,352433000
6,355907000
6,359378000
6,362931000
6,366304000
6,370296000
6,373837000
6,377773000
6,381569000
6,385340000
6,389708000
6,397415000
6,401320000
6,405199000
6,408991000
6,412821000
6,416382000
6,420196000
6,423731000
6,427502000
6,431431000
6,435216000
6,440223000
6,444075000
6,452722000
6,456331000
6,460268000
6,464755000
6,468372000
6,471905000
6,475480000
6,478965000
6,482476000
6,486213000
6,490732000
6,494374000
6,498207000
6,501752000
6,509765000
6,514136000
6,517861000
6,521978000
6,525617000
6,529538000
6,533294000
6,537107000
6,540598000
6,544502000
6,548156000
6,552153000
6,555890000
6,559552000
6,567378000
6,570876000
6,574457000
6,577950000
6,581819000
6,585395000
6,589621000
6,593389000
6,597368000
6,600769000
6,604620000
6,608041000
6,611910000
6,615774000
6,624076000
6,627892000
6,631780000
6,635264000
6,640309000
6,643895000
6,647578000
6,651417000
6,654930000
6,658788000
6,662407000
6,666167000
6,670382000
6,678126000
6,681798000
6,685601000
6,690093000
6,693663000
6,697258000
6,701308000
6,705219000
6,708736000
6,712565000
6,716046000
6,719475000
6,723057000
6,726515000
6,734387000
6,738909000
6,742594000
6,746218000
6,749977000
6,753648000
6,757312000
6,761191000
6,764905000
6,768440000
6,772150000
6,775925000
6,779430000
6,783344000
6,791465000
6,795365000
6,799073000
6,802814000
6,806332000
6,810065000
6,814191000
6,817926000
6,821930000
6,825539000
6,829117000
6,832821000
6,836573000
6,840401000
6,848220000
6,852202000
6,855915000
6,859445000
6,863697000
6,867357000
6,871023000
6,874722000
6,878602000
6,882432000
6,885808000
6,890128000
6,893769000
6,897737000
6,905517000
6,909398000
6,913834000
6,917400000
6,920833000
6,924567000
6,928288000
6,932211000
6,935836000
6,939951000
6,943422000
6,947134000
6,950705000
6,954818000
6,962637000
6,966294000
6,970157000
6,973635000
6,977296000
6,980976000
6,984612000
6,989167000
6,992867000
6,996581000
6,996581000
6,989496000
6,981985000
6,974372000
6,958232000
6,950469000
6,942706000
6,934433000
6,926754000
6,916806000
6,909281000
6,902077000
6,894668000
6,887368000
6,879447000
6,870336000
6,862538000
6,846533000
6,839197000
6,831982000
6,824996000
6,817170000
6,810104000
6,802436000
6,795465000
6,787548000
6,780293000
6,773272000
6,760184000
6,752320000
6,736159000
6,728284000
6,719317000
6,711674000
6,704425000
6,696443000
6,688489000
6,681267000
6,672818000
6,665460000
6,657876000
6,650638000
6,643031000
6,626438000
6,618515000
6,611052000
6,603516000
6,596267000
6,588917000
6,581649000
6,573534000
6,565875000
6,558486000
6,551337000
6,543581000
6,536316000
6,528564000
6,511963000
6,504490000
6,496857000
6,489233000
6,482124000
6,474286000
6,467226000
6,459062000
6,451320000
6,444195000
6,437097000
6,429645000
6,422480000
6,415413000
6,399762000
6,390895000
6,383495000
6,375853000
6,368258000
6,360833000
6,353640000
6,346488000
6,338785000
6,331502000
6,324150000
6,316741000
6,308879000
6,301584000
6,285164000
6,277427000
6,268453000
6,260771000
6,253669000
6,246109000
6,239100000
6,231639000
6,224277000
6,216027000
6,208992000
6,201328000
6,194386000
6,186626000
6,169510000
6,162063000
6,153890000
6,146757000
6,139515000
6,131940000
6,125006000
6,116629000
6,109321000
6,101940000
6,093872000
6,085966000
6,077925000
6,061783000
6,053860000
6,046473000
6,038328000
6,030413000
6,022905000
6,015126000
6,007951000
6,000179000
5,992992000
5,985166000
5,977429000
5,968666000
5,952529000
5,945582000
5,938408000
5,930942000
5,922117000
5,914232000
5,906997000
5,899566000
5,891831000
5,884676000
5,876496000
5,867803000
5,859630000
5,843609000
5,836550000
5,828457000
5,820030000
5,812730000
5,804793000
5,796944000
5,789721000
5,782775000
5,775225000
5,767405000
5,759907000
5,752737000
5,745227000
5,728417000
5,718765000
5,711346000
5,703766000
5,696295000
5,688710000
5,680781000
5,672849000
5,665501000
5,657897000
5,650821000
5,643180000
5,635626000
5,618417000
5,610072000
5,603104000
5,596035000
5,587906000
5,580870000
5,572495000
5,565375000
5,557345000
5,549381000
5,542212000
5,534576000
5,527324000
5,518393000
5,502623000
5,494309000
5,486748000
5,479686000
5,472434000
5,464536000
5,457167000
5,450122000
5,443017000
5,435276000
5,427719000
5,419062000
5,411768000
5,404715000
5,389485000
5,382298000
5,374435000
5,367020000
5,358865000
5,351501000
5,344159000
5,336656000
5,329425000
5,322137000
5,314002000
5,306687000
5,299600000
5,292737000
5,277146000
5,268495000
5,260907000
5,253875000
5,245949000
5,238550000
5,230894000
5,223514000
5,216140000
5,208837000
5,201681000
5,193203000
5,186048000
5,178698000
5,162941000
5,155825000
5,148457000
5,140627000
5,133247000
5,125559000
5,117361000
5,109597000
5,102124000
5,094619000
5,087263000
5,078176000
5,065935000
5,050212000
5,042932000
5,034722000
5,027576000
5,017231000
5,009581000
5,001920000
4,994810000
4,987668000
4,980189000
4,972866000
4,965407000
4,957441000
4,941857000
4,934800000
4,927670000
4,918775000
4,911142000
4,897715000
4,889353000
4,881856000
4,874574000
4,866511000
4,859122000
4,851657000
4,844516000
4,827008000
4,817549000
4,810067000
4,802835000
4,795527000
4,788121000
4,780257000
4,772328000
4,764630000
4,757452000
4,750316000
4,743025000
4,735724000
4,728095000
4,711590000
4,704024000
4,696863000
4,689307000
4,682280000
4,674409000
4,666652000
4,658527000
4,651277000
4,643939000
4,637002000
4,629430000
4,622461000
4,614554000
4,599067000
4,591300000
4,583898000
4,576994000
4,567263000
4,559330000
4,551105000
4,543178000
4,534692000
4,527209000
4,518631000
4,510946000
4,503532000
4,487591000
4,479971000
4,472266000
4,464791000
4,457390000
4,450213000
4,442739000
4,435673000
4,427962000
4,418128000
4,410112000
4,403028000
4,395086000
4,378659000
4,369977000
4,362020000
4,354047000
4,346507000
4,339292000
4,331696000
4,324426000
4,316947000
4,309360000
4,301677000
4,293892000
4,286443000
4,268981000
4,261889000
4,253821000
4,246488000
4,238108000
4,230354000
4,222843000
4,214776000
4,207318000
4,199901000
4,192594000
4,185004000
4,176616000
4,160410000
4,153503000
4,145498000
4,138106000
4,129140000
4,119447000
4,108200000
4,098060000
4,089156000
4,080122000
4,071284000
4,063194000
4,045687000
4,037896000
4,030631000
4,023104000
4,015659000
4,007705000
3,999910000
3,992307000
3,984723000
3,977308000
3,969012000
3,961766000
3,954647000
3,937885000
3,929722000
3,922246000
3,915156000
3,907595000
3,899780000
3,892384000
3,884921000
3,876978000
3,867752000
3,860402000
3,853138000
3,845891000
3,830372000
3,822940000
3,815219000
3,807710000
3,800241000
3,792738000
3,785282000
3,778352000
3,769731000
3,762390000
3,754570000
3,747335000
3,740071000
3,732818000
3,716755000
3,709092000
3,701372000
3,693458000
3,686045000
3,678778000
3,670135000
3,662887000
3,655712000
3,648697000
3,641635000
3,633913000
3,626483000
3,618105000
3,602590000
3,594751000
3,587301000
3,579413000
3,571654000
3,564361000
3,557279000
3,550167000
3,543335000
3,536232000
3,528886000
3,520090000
3,512429000
3,505677000
3,490322000
3,483197000
3,475911000
3,468077000
3,460268000
3,452989000
3,445192000
3,438046000
3,430878000
3,423627000
3,416428000
3,408731000
3,401630000
3,393431000
3,377793000
3,369179000
3,361817000
3,354482000
3,346937000
3,339083000
3,332090000
3,324848000
3,317739000
3,310278000
3,303021000
3,296146000
3,289001000
3,281722000
3,265178000
3,257391000
3,249912000
3,242927000
3,235708000
3,228322000
3,219528000
3,212562000
3,205396000
3,198014000
3,190972000
3,183221000
3,176220000
3,167347000
3,150137000
3,142761000
3,135015000
3,127873000
3,118860000
3,111199000
3,104354000
3,095658000
3,088038000
3,080607000
3,072293000
3,064899000
3,057164000
3,041674000
3,033968000
3,026283000
3,018027000
3,011030000
3,003886000
2,996598000
3,003407000
3,007467000
3,011321000
3,014832000
3,018390000
3,022095000
3,030254000
3,034608000
3,038460000
3,042278000
3,046026000
3,049692000
3,053470000
3,056971000
3,060978000
3,064872000
3,068671000
3,072216000
3,075898000
3,079361000
3,087081000
3,090932000
3,094819000
3,098635000
3,102138000
3,105978000
3,110257000
3,113870000
3,117358000
3,120888000
3,124765000
3,128524000
3,132044000
3,135954000
3,143730000
3,147290000
3,151020000
3,154980000
3,158702000
3,162359000
3,166220000
3,169714000
3,173465000
3,176960000
3,180906000
3,185557000
3,189274000
3,193022000
3,200628000
3,204119000
3,208070000
3,211898000
3,215976000
3,219866000
3,223350000
3,226889000
3,230730000
3,234821000
3,238393000
3,241827000
3,245903000
3,249558000
3,257616000
3,261559000
3,265405000
3,269156000
3,272909000
3,276684000
3,280585000
3,285053000
3,288986000
3,292654000
3,296110000
3,299900000
3,303453000
3,307335000
3,315184000
3,319040000
3,322702000
3,326393000
3,329875000
3,333547000
3,337477000
3,340997000
3,344825000
3,348277000
3,352083000
3,355821000
3,360235000
3,363851000
3,371872000
3,375282000
3,379186000
3,383107000
3,387001000
3,390684000
3,394541000
3,397944000
3,401745000
3,405436000
3,409858000
3,413310000
3,417119000
3,420541000
3,428476000
3,432279000
3,436013000
3,439669000
3,443089000
3,446896000
3,450466000
3,454153000
3,458245000
3,462165000
3,465679000
3,469403000
3,472940000
3,476542000
3,485028000
3,489017000
3,492536000
3,496497000
3,500467000
3,504220000
3,507899000
3,511843000
3,515934000
3,519697000
3,523518000
3,527251000
3,531196000
3,539148000
3,542841000
3,546823000
3,550492000
3,554187000
3,557972000
3,561600000
3,565493000
3,568942000
3,572401000
3,576345000
3,579937000
3,583709000
3,587293000
3,595049000
3,598790000
3,602471000
3,606475000
3,611294000
3,615070000
3,618930000
3,622544000
3,626090000
3,629846000
3,633389000
3,637605000
3,641324000
3,644968000
3,653129000
3,656765000
3,660717000
3,664701000
3,668364000
3,671978000
3,675789000
3,679317000
3,683194000
3,686594000
3,690314000
3,694020000
3,697864000
3,701514000
3,710093000
3,713896000
3,717540000
3,721105000
3,725367000
3,729144000
3,732771000
3,736519000
3,740192000
3,743963000
3,748079000
3,751712000
3,755764000
3,763966000
3,767759000
3,773102000
3,776711000
3,780501000
3,784956000
3,789011000
3,792638000
3,796238000
3,800155000
3,803873000
3,807718000
3,811250000
3,819656000
3,823368000
3,826922000
3,830584000
3,835383000
3,838889000
3,842708000
3,846631000
3,850395000
3,853904000
3,857325000
3,861010000
3,864847000
3,868238000
3,875861000
3,880113000
3,883669000
3,887519000
3,891106000
3,894909000
3,898391000
3,901848000
3,905854000
3,910370000
3,914290000
3,917902000
3,921694000
3,925771000
3,935501000
3,939914000
3,946996000
3,950798000
3,954762000
3,958545000
3,962178000
3,966250000
3,970189000
3,973866000
3,977498000
3,980989000
3,989352000
3,993195000
3,997586000
4,001311000
4,004956000
4,008930000
4,012734000
4,016568000
4,020498000
4,024469000
4,028430000
4,032119000
4,036060000
4,044647000
4,048856000
4,052929000
4,057080000
4,061434000
4,065341000
4,069425000
4,073209000
4,077060000
4,080630000
4,085349000
4,089091000
4,092522000
4,100661000
4,104190000
4,108113000
4,111771000
4,115789000
4,119343000
4,123228000
4,126755000
4,130767000
4,135198000
4,138974000
4,142915000
4,146844000
4,155309000
4,158973000
4,162624000
4,166237000
4,170019000
4,173717000
4,177811000
4,181340000
4,185837000
4,189671000
4,193222000
4,196986000
4,200506000
4,204353000
4,213017000
4,216660000
4,220205000
4,223959000
4,227479000
4,231232000
4,236109000
4,239659000
4,243494000
4,247400000
4,251168000
4,254696000
4,258453000
4,262049000
4,270736000
4,274267000
4,278008000
4,281639000
4,285872000
4,289363000
4,293081000
4,296978000
4,300687000
4,304386000
4,307871000
4,311420000
4,314921000
4,318614000
4,326446000
4,330246000
4,333814000
4,337473000
4,341110000
4,344742000
4,348516000
4,352165000
4,356112000
4,360718000
4,364306000
4,367977000
4,371648000
4,375229000
4,382899000
4,386826000
4,390585000
4,394136000
4,397979000
4,401626000
4,405365000
4,409522000
4,413013000
4,417150000
4,420795000
4,424364000
4,428141000
4,431621000
4,439454000
4,443146000
4,447096000
4,450717000
4,454294000
4,457921000
4,461778000
4,465508000
4,469300000
4,473198000
4,477442000
4,481311000
4,485667000
4,489399000
4,497272000
4,500947000
4,504847000
4,508483000
4,512052000
4,515813000
4,519239000
4,522838000
4,526495000
4,530251000
4,534807000
4,538554000
4,542438000
4,546089000
4,553617000
4,557878000
4,561615000
4,565779000
4,569384000
4,572979000
4,576582000
4,580371000
4,584667000
4,588470000
4,592271000
4,596241000
4,600095000
4,603628000
4,612206000
4,615795000
4,619559000
4,623172000
4,627120000
4,630836000
4,635600000
4,639331000
4,642916000
4,646636000
4,650165000
4,654029000
4,657907000
4,661769000
4,669316000
4,673244000
4,676947000
4,680545000
4,684886000
4,688718000
4,692344000
4,696063000
4,699512000
4,703549000
4,707098000
4,710990000
4,714811000
4,718369000
4,726112000
4,729683000
4,733452000
4,737164000
4,741029000
4,744977000
4,748733000
4,752140000
4,756024000
4,760553000
4,764034000
4,767985000
4,771492000
4,775428000
4,783179000
4,786659000
4,790582000
4,794023000
4,797935000
4,801594000
4,805756000
4,810104000
4,813735000
4,817686000
4,821130000
4,825011000
4,828620000
4,832470000
4,840861000
4,844818000
4,848486000
4,852261000
4,856164000
4,860497000
4,864270000
4,868199000
4,871878000
4,875674000
4,879343000
4,882838000
4,886436000
4,889894000
4,897649000
4,901574000
4,905128000
4,908833000
4,912393000
4,915932000
4,919740000
4,926258000
4,930201000
4,934562000
4,938373000
4,942304000
4,945805000
4,953859000
4,957716000
4,961421000
4,965086000
4,968566000
4,972408000
4,975978000
4,979737000
4,983462000
4,987428000
4,991083000
4,994964000
4,998420000
5,002332000
5,011236000
5,015149000
5,019159000
5,022715000
5,026450000
5,029879000
5,033646000
5,037259000
5,040752000
5,044768000
5,048447000
5,052170000
5,055809000
5,060529000
5,068710000
5,072222000
5,076289000
5,079737000
5,083497000
5,086863000
5,090402000
5,094077000
5,097775000
5,101442000
5,105610000
5,110155000
5,113939000
5,117514000
5,125318000
5,128942000
5,132407000
5,136422000
5,139943000
5,143684000
5,147195000
5,150947000
5,154585000
5,158283000
5,162190000
5,166219000
5,170001000
5,174000000
5,181789000
5,185892000
5,189507000
5,193068000
5,197151000
5,200937000
5,204536000
5,208226000
5,211879000
5,215791000
5,219475000
5,223069000
5,227096000
5,230685000
5,238743000
5,242436000
5,245929000
5,249551000
5,253176000
5,257241000
5,260986000
5,264606000
5,268228000
5,271849000
5,275713000
5,279253000
5,282886000
5,287128000
5,295091000
5,299118000
5,302813000
5,306549000
5,310986000
5,314983000
5,318532000
5,322179000
5,325660000
5,329218000
5,333224000
5,336884000
5,340689000
5,344569000
5,352581000
5,356130000
5,360340000
5,363976000
5,367611000
5,371216000
5,375133000
5,378597000
5,382248000
5,386148000
5,389848000
5,393709000
5,397639000
5,401323000
5,410430000
5,414104000
5,418095000
5,422026000
5,425543000
5,429394000
5,432937000
5,436915000
5,440596000
5,444123000
5,448033000
5,451972000
5,455607000
5,464116000
5,468158000
5,471970000
5,475570000
5,479222000
5,482866000
5,486722000
5,490384000
5,494222000
5,498106000
5,501863000
5,505603000
5,510223000
5,518088000
5,522006000
5,526250000
5,530099000
5,533660000
5,537681000
5,541294000
5,545185000
5,548730000
5,552538000
5,556620000
5,560860000
5,564816000
5,572456000
5,575980000
5,579713000
5,583383000
5,587347000
5,591236000
5,594885000
5,598685000
5,602525000
5,606010000
5,610575000
5,614383000
5,618586000
5,622380000
5,630352000
5,634946000
5,638481000
5,642368000
5,646299000
5,649891000
5,653619000
5,657192000
5,660864000
5,664454000
5,668069000
5,671615000
5,675488000
5,679203000
5,687444000
5,691277000
5,695160000
5,698909000
5,702860000
5,706775000
5,710717000
5,714510000
5,718160000
5,721767000
5,725476000
5,729011000
5,732804000
5,736949000
5,744857000
5,748435000
5,752233000
5,755895000
5,760397000
5,764336000
5,768188000
5,771967000
5,775670000
5,779393000
5,783141000
5,787203000
5,790828000
5,794805000
5,802909000
5,806585000
5,810915000
5,814666000
5,818596000
5,822155000
5,826158000
5,829592000
5,833429000
5,837073000
5,840892000
5,844550000
5,848385000
5,851942000
5,860765000
5,864516000
5,868389000
5,872068000
5,875765000
5,879254000
5,883146000
5,887071000
5,890966000
5,894485000
5,898211000
5,901914000
5,908694000
5,916792000
5,920785000
5,924461000
5,928248000
5,931648000
5,936070000
5,939909000
5,943694000
5,947720000
5,951240000
5,954986000
5,958784000
5,962324000
5,966111000
5,974684000
5,978925000
5,982570000
5,986234000
5,989992000
5,993777000
5,997267000
6,000763000
6,004994000
6,008691000
6,012497000
6,016055000
6,019771000
6,023468000
6,031433000
6,036252000
6,039883000
6,043532000
6,047036000
6,050442000
6,054047000
6,057417000
6,061050000
6,065219000
6,068641000
6,072573000
6,076219000
6,079930000
6,088071000
6,091688000
6,095776000
6,099373000
6,103008000
6,106533000
6,110571000
6,114251000
6,117928000
6,121389000
6,125160000
6,128579000
6,132186000
6,135998000
6,143739000
6,147371000
6,151063000
6,155159000
6,158703000
6,162273000
6,165968000
6,169515000
6,173120000
6,176946000
6,180569000
6,184951000
6,188733000
6,192265000
6,200504000
6,204093000
6,207622000
6,211529000
6,215285000
6,219019000
6,222830000
6,226257000
6,229848000
6,233696000
6,237371000
6,241265000
6,245363000
6,249032000
6,256931000
6,260752000
6,264412000
6,268127000
6,271695000
6,275803000
6,279296000
6,283087000
6,286532000
6,290164000
6,293817000
6,297611000
6,301255000
6,305165000
6,313299000
6,317013000
6,320725000
6,324314000
6,328255000
6,331757000
6,336048000
6,339742000
6,343486000
6,347045000
6,350693000
6,354182000
6,358102000
6,361640000
6,370336000
6,373843000
6,377707000
6,381360000
6,385920000
6,389740000
6,393229000
6,397425000
6,401030000
6,404691000
6,408346000
6,412385000
6,415865000
6,419831000
6,427499000
6,431717000
6,436140000
6,439730000
6,443305000
6,447072000
6,450636000
6,454741000
6,458800000
6,462555000
6,466588000
6,470182000
6,473926000
6,481674000
6,486252000
6,489850000
6,493434000
6,496929000
6,500836000
6,504412000
6,508038000
6,511586000
6,515462000
6,519035000
6,522429000
6,526259000
6,529864000
6,538042000
6,541730000
6,545737000
6,549642000
6,553604000
6,557165000
6,561063000
6,564513000
6,568375000
6,571970000
6,575993000
6,579635000
6,583474000
6,587152000
6,595129000
6,598835000
6,602758000
6,606764000
6,610752000
6,614252000
6,618035000
6,621691000
6,625293000
6,628868000
6,632650000
6,636688000
6,640595000
6,644233000
6,652349000
6,656278000
6,660798000
6,664828000
6,668487000
6,672128000
6,675696000
6,679555000
6,683157000
6,687027000
6,690623000
6,694930000
6,698534000
6,706272000
6,710929000
6,714530000
6,718483000
6,722168000
6,726151000
6,729723000
6,733638000
6,737157000
6,741122000
6,744799000
6,748642000
6,752265000
6,756255000
6,764606000
6,768265000
6,772128000
6,775892000
6,779429000
6,783216000
6,787263000
6,790799000
6,794251000
6,798003000
6,801828000
6,805820000
6,810136000
6,813905000
6,822462000
6,825946000
6,829903000
6,833499000
6,837304000
6,840954000
6,844798000
6,848239000
6,851659000
6,855329000
6,859771000
6,863427000
6,867200000
6,870836000
6,879049000
6,883003000
6,886762000
6,890421000
6,894090000
6,897579000
6,901090000
6,905067000
6,911781000
6,915581000
6,919255000
6,923069000
6,926875000
6,936062000
6,940385000
6,944114000
6,948083000
6,951807000
6,955589000
6,959866000
6,963513000
6,967597000
6,971217000
6,974790000
6,978608000
6,982259000
6,990368000
6,994158000
6,998175000
6,998175000
6,990779000
6,982037000
6,974603000
6,967056000
6,959149000
6,951070000
6,944225000
6,937041000
6,929263000
6,921762000
6,905275000
6,897995000
6,890218000
6,881389000
6,873223000
6,866029000
6,858683000
6,851101000
6,843941000
6,837216000
6,829164000
6,821661000
6,814726000
6,807182000
6,791430000
6,782780000
6,775327000
6,767295000
6,759608000
6,752495000
6,745103000
6,737561000
6,730405000
6,722707000
6,715238000
6,707490000
6,699898000
6,692577000
6,676925000
6,669567000
6,662106000
6,654253000
6,646046000
6,638820000
6,630675000
6,623278000
6,615963000
6,608785000
6,601522000
6,594360000
6,586504000
6,578558000
6,562803000
6,555753000
6,548091000
6,541163000
6,531136000
6,523067000
6,515413000
6,508353000
6,501192000
6,493715000
6,486189000
6,479032000
6,471128000
6,463544000
6,448345000
6,440853000
6,431854000
6,424195000
6,416073000
6,408295000
6,400651000
6,392812000
6,385170000
6,377323000
6,370270000
6,363057000
6,355731000
6,347000000
6,329504000
6,322048000
6,314693000
6,307243000
6,299678000
6,291457000
6,282375000
6,274836000
6,267793000
6,260287000
6,253118000
6,245754000
6,238434000
6,219560000
6,211682000
6,204167000
6,196513000
6,189549000
6,179883000
6,171809000
6,163984000
6,156622000
6,149249000
6,141927000
6,132312000
6,124927000
6,109604000
6,101633000
6,094267000
6,087145000
6,079547000
6,072306000
6,064551000
6,057528000
6,049206000
6,042310000
6,034233000
6,026723000
6,018965000
6,010359000
5,993293000
5,984750000
5,976899000
5,969060000
5,961439000
5,954195000
5,946608000
5,938737000
5,929751000
5,922455000
5,915197000
5,908120000
5,901022000
5,884834000
5,877677000
5,869806000
5,862879000
5,855664000
5,847968000
5,840761000
5,831563000
5,824025000
5,816733000
5,808488000
5,800757000
5,792834000
5,785263000
5,769656000
5,761923000
5,754754000
5,746855000
5,739825000
5,730803000
5,723342000
5,715930000
5,708634000
5,701038000
5,694126000
5,685787000
5,678727000
5,670745000
5,655256000
5,648258000
5,640855000
5,632666000
5,624745000
5,616944000
5,609985000
5,601730000
5,594662000
5,587325000
5,579545000
5,571336000
5,563694000
5,556458000
5,541255000
5,532461000
5,525027000
5,517263000
5,509328000
5,502049000
5,494334000
5,486661000
5,479311000
5,471776000
5,464205000
5,456934000
5,449168000
5,442067000
5,426007000
5,417975000
5,410820000
5,403409000
5,396338000
5,388009000
5,379871000
5,372082000
5,364751000
5,357703000
5,350509000
5,342596000
5,334714000
5,326704000
5,310818000
5,303491000
5,296040000
5,288648000
5,280474000
5,272435000
5,265109000
5,257524000
5,250087000
5,243043000
5,235227000
5,228075000
5,220136000
5,212207000
5,196266000
5,189294000
5,180820000
5,173424000
5,165799000
5,158762000
5,150989000
5,143957000
5,126632000
5,114205000
5,107097000
5,099547000
5,081848000
5,074391000
5,066489000
5,059335000
5,051596000
5,044583000
5,037457000
5,029025000
5,021245000
5,013603000
5,006174000
4,998714000
4,990964000
4,974252000
4,966094000
4,958049000
4,950722000
4,942945000
4,935428000
4,927822000
4,919982000
4,911700000
4,904043000
4,896563000
4,889026000
4,880179000
4,864204000
4,856399000
4,848676000
4,840899000
4,832138000
4,824625000
4,816847000
4,809494000
4,802014000
4,794957000
4,786733000
4,778261000
4,770927000
4,755266000
4,747509000
4,739686000
4,729893000
4,722723000
4,715209000
4,708455000
4,700784000
4,693833000
4,687012000
4,678929000
4,671265000
4,663537000
4,656475000
4,640487000
4,631798000
4,624757000
4,617833000
4,609587000
4,602653000
4,594919000
4,587469000
4,579953000
4,572584000
4,565176000
4,558246000
4,549237000
4,541566000
4,524447000
4,517001000
4,509223000
4,501396000
4,494337000
4,486208000
4,479066000
4,471476000
4,464227000
4,456836000
4,449901000
4,441990000
4,432701000
4,416234000
4,408557000
4,397593000
4,390409000
4,381698000
4,374182000
4,366261000
4,358853000
4,351520000
4,344249000
4,336539000
4,329255000
4,321632000
4,305459000
4,297517000
4,290262000
4,281493000
4,273483000
4,266225000
4,259237000
4,251223000
4,244127000
4,237098000
4,229906000
4,222605000
4,214708000
4,207469000
4,191945000
4,182778000
4,175615000
4,168096000
4,160668000
4,153422000
4,146441000
4,139284000
4,129529000
4,122010000
4,114549000
4,107282000
4,099578000
4,092352000
4,076105000
4,067719000
4,060020000
4,052673000
4,045339000
4,037708000
4,029681000
4,021497000
4,013490000
4,005276000
3,997660000
3,990315000
3,980843000
3,964853000
3,956267000
3,947676000
3,939734000
3,931093000
3,923398000
3,916017000
3,908456000
3,901025000
3,894004000
3,885815000
3,878270000
3,871130000
3,854388000
3,847023000
3,839659000
3,830442000
3,823346000
3,816188000
3,808955000
3,801630000
3,794412000
3,787365000
3,779939000
3,771919000
3,764626000
3,757411000
3,741098000
3,731919000
3,724664000
3,717132000
3,709305000
3,702316000
3,695345000
3,687992000
3,680631000
3,673029000
3,665620000
3,658011000
3,649819000
3,636787000
3,619706000
3,611885000
3,604946000
3,597512000
3,589305000
3,579823000
3,572253000
3,565093000
3,557855000
3,550621000
3,543597000
3,536204000
3,528183000
3,512617000
3,505322000
3,498295000
3,490849000
3,482297000
3,474974000
3,466764000
3,459049000
3,451695000
3,443801000
3,436578000
3,428435000
3,421253000
3,413423000
3,396974000
3,389004000
3,380378000
3,372703000
3,365058000
3,357873000
3,349845000
3,342028000
3,334591000
3,327482000
3,320036000
3,313023000
3,305061000
3,289688000
3,279465000
3,271256000
3,263858000
3,256296000
3,249013000
3,241745000
3,234435000
3,226381000
3,218608000
3,211400000
3,203736000
3,196474000
3,180715000
3,173229000
3,166152000
3,158088000
3,150922000
3,143230000
3,136271000
3,128253000
3,121150000
3,113494000
3,105595000
3,098148000
3,091234000
3,082941000
3,067596000
3,060039000
3,052019000
3,043825000
3,036609000
3,029018000
3,021763000
3,013971000
3,006644000
2,998420000
3,002406000
3,007185000
3,011269000
3,019192000
3,022766000
3,026740000
3,030493000
3,034508000
3,038288000
3,042021000
3,045603000
3,049283000
3,052804000
3,057378000
3,061560000
3,065386000
3,068955000
3,077229000
3,081800000
3,085605000
3,089596000
3,093919000
3,097623000
3,101203000
3,104878000
3,108388000
3,112293000
3,115957000
3,119916000
3,123819000
3,132474000
3,136344000
3,140004000
3,143668000
3,147259000
3,151377000
3,155098000
3,158815000
3,162261000
3,166059000
3,169796000
3,173414000
3,176910000
3,180512000
3,189178000
3,192847000
3,196615000
3,199988000
3,203905000
3,207844000
3,211763000
3,215344000
3,219002000
3,222478000
3,226053000
3,229516000
3,233094000
3,236939000
3,245021000
3,249083000
3,252604000
3,257161000
3,260942000
3,264503000
3,268316000
3,272055000
3,275858000
3,279544000
3,283213000
3,286784000
3,290262000
3,294066000
3,302274000
3,306935000
3,310777000
3,314405000
3,318329000
3,322150000
3,325751000
3,329319000
3,333252000
3,336900000
3,340489000
3,344014000
3,347563000
3,351503000
3,359255000
3,363405000
3,367099000
3,370723000
3,374200000
3,378060000
3,382640000
3,386327000
3,390016000
3,393891000
3,397922000
3,401624000
3,405371000
3,408952000
3,416876000
3,420476000
3,424340000
3,428317000
3,432940000
3,437077000
3,440732000
3,444468000
3,447942000
3,452067000
3,458464000
3,462351000
3,466066000
3,474024000
3,477520000
3,482190000
3,485955000
3,489726000
3,493245000
3,497231000
3,500618000
3,504332000
3,508144000
3,512098000
3,515755000
3,519321000
3,523010000
3,531945000
3,535556000
3,539222000
3,543119000
3,546855000
3,550514000
3,554277000
3,558159000
3,561707000
3,565192000
3,569011000
3,572926000
3,576589000
3,580289000
3,588009000
3,591849000
3,595336000
3,599381000
3,603387000
3,607228000
3,611102000
3,614776000
3,618619000
3,622138000
3,625818000
3,629593000
3,633519000
3,637167000
3,645469000
3,648978000
3,652668000
3,657290000
3,661429000
3,665091000
3,668870000
3,672542000
3,676264000
3,679828000
3,683614000
3,687154000
3,690886000
3,694706000
3,702810000
3,707323000
3,711225000
3,714771000
3,718468000
3,722334000
3,726070000
3,730088000
3,733689000
3,737331000
3,741077000
3,744614000
3,748359000
3,752152000
3,760307000
3,764061000
3,767832000
3,771449000
3,775321000
3,778995000
3,783130000
3,787010000
3,790643000
3,794557000
3,798171000
3,802187000
3,806443000
3,814358000
3,818265000
3,821959000
3,825597000
3,829478000
3,833107000
3,836858000
3,840406000
3,844483000
3,848020000
3,851734000
3,855283000
3,859178000
3,862804000
3,870944000
3,874753000
3,878677000
3,882506000
3,886354000
3,889760000
3,893512000
3,897356000
3,901848000
3,906420000
3,910541000
3,914178000
3,918033000
3,926465000
3,930188000
3,934097000
3,937799000
3,941636000
3,945429000
3,949326000
3,952973000
3,957761000
3,961733000
3,965445000
3,969051000
3,972898000
3,982684000
3,987013000
3,991509000
3,996520000
4,000829000
4,005122000
4,008954000
4,012938000
4,017363000
4,021617000
4,025260000
4,029139000
4,037293000
4,041105000
4,044662000
4,048545000
4,052544000
4,057004000
4,060783000
4,064432000
4,068273000
4,071683000
4,075444000
4,079419000
4,083343000
4,086862000
4,094844000
4,098402000
4,101972000
4,106343000
4,111606000
4,115509000
4,119277000
4,122884000
4,126648000
4,130323000
4,134047000
4,137510000
4,141429000
4,149240000
4,152858000
4,157655000
4,161228000
4,164724000
4,168592000
4,172578000
4,176326000
4,179761000
4,183696000
4,187472000
4,191231000
4,194849000
4,198700000
4,207443000
4,211155000
4,214713000
4,218466000
4,222037000
4,225786000
4,229451000
4,233513000
4,237140000
4,240902000
4,247436000
4,251354000
4,255084000
4,263053000
4,267117000
4,270815000
4,274470000
4,278283000
4,282343000
4,286172000
4,289509000
4,293523000
4,297155000
4,300651000
4,304307000
4,307854000
4,311553000
4,319500000
4,323630000
4,327403000
4,331693000
4,335346000
4,339135000
4,343041000
4,346648000
4,350363000
4,354194000
4,358114000
4,361840000
4,365600000
4,369237000
4,377008000
4,381355000
4,385263000
4,388784000
4,392706000
4,396366000
4,400138000
4,403815000
4,407585000
4,411745000
4,415240000
4,419010000
4,422671000
4,426379000
4,434353000
4,438098000
4,442079000
4,445832000
4,449370000
4,453213000
4,457744000
4,461322000
4,465135000
4,468741000
4,472630000
4,476334000
4,480134000
4,483640000
4,491255000
4,494971000
4,498697000
4,502939000
4,507407000
4,511223000
4,514977000
4,519055000
4,522773000
4,526431000
4,530212000
4,534244000
4,537990000
4,545802000
4,549607000
4,553239000
4,557402000
4,561585000
4,565259000
4,568915000
4,572567000
4,576391000
4,580150000
4,584054000
4,587642000
4,591887000
4,595511000
4,603405000
4,607417000
4,611465000
4,615169000
4,618892000
4,622991000
4,626639000
4,630405000
4,633966000
4,637581000
4,641147000
4,644702000
4,648483000
4,652339000
4,660601000
4,664170000
4,667940000
4,671505000
4,675284000
4,678957000
4,682962000
4,686627000
4,690506000
4,693886000
4,697892000
4,701565000
4,706248000
4,710214000
4,719132000
4,722829000
4,726626000
4,730180000
4,733905000
4,737484000
4,741611000
4,745191000
4,749012000
4,752710000
4,757445000
4,761341000
4,765219000
4,773182000
4,777295000
4,781773000
4,785431000
4,789489000
4,793365000
4,797249000
4,801146000
4,804787000
4,808403000
4,812243000
4,815906000
4,819818000
4,828042000
4,832265000
4,836078000
4,839614000
4,843580000
4,847069000
4,850656000
4,854434000
4,857940000
4,861980000
4,865566000
4,869330000
4,872863000
4,876605000
4,884779000
4,888682000
4,892582000
4,896645000
4,900220000
4,904056000
4,907879000
4,911444000
4,915071000
4,918874000
4,922804000
4,926451000
4,930287000
4,933966000
4,941773000
4,945543000
4,949130000
4,952959000
4,957420000
4,961022000
4,964405000
4,968248000
4,971818000
4,975753000
4,979544000
4,983478000
4,986963000
4,990715000
4,998559000
5,002082000
5,006607000
5,010415000
5,014304000
5,018004000
5,021663000
5,025507000
5,028934000
5,033030000
5,039518000
5,043687000
5,047271000
5,055442000
5,059243000
5,063233000
5,067071000
5,070673000
5,074501000
5,078216000
5,082670000
5,086336000
5,090207000
5,093728000
5,097501000
5,101553000
5,109485000
5,113039000
5,117102000
5,120899000
5,124644000
5,128132000
5,132485000
5,136134000
5,139678000
5,143117000
5,146921000
5,150598000
5,154552000
5,157981000
5,166890000
5,170597000
5,174445000
5,178020000
5,182932000
5,186667000
5,190524000
5,194532000
5,198246000
5,201835000
5,206131000
5,209678000
5,213298000
5,221330000
5,225320000
5,228952000
5,233263000
5,237049000
5,240788000
5,244532000
5,248142000
5,252286000
5,256571000
5,260188000
5,263827000
5,267570000
5,275360000
5,279353000
5,283463000
5,287121000
5,290962000
5,294484000
5,298003000
5,301747000
5,306302000
5,309903000
5,314009000
5,317710000
5,321238000
5,325100000
5,332936000
5,336558000
5,340239000
5,343987000
5,347784000
5,351400000
5,355155000
5,358761000
5,362401000
5,365969000
5,369596000
5,373542000
5,377296000
5,381331000
5,389257000
5,392805000
5,396363000
5,400173000
5,404173000
5,408068000
5,411871000
5,415453000
5,419007000
5,422588000
5,426113000
5,429801000
5,434092000
5,437568000
5,445489000
5,449016000
5,452736000
5,457296000
5,461778000
5,465347000
5,468802000
5,472311000
5,475955000
5,479687000
5,483316000
5,487122000
5,490842000
5,495021000
5,503137000
5,507901000
5,511662000
5,515430000
5,519572000
5,523578000
5,527212000
5,531751000
5,535264000
5,538924000
5,542696000
5,546218000
5,549976000
5,558557000
5,562496000
5,566489000
5,570334000
5,574187000
5,577832000
5,582405000
5,586197000
5,589711000
5,593621000
5,597101000
5,600692000
5,604527000
5,612172000
5,616355000
5,619949000
5,623683000
5,627326000
5,632065000
5,636019000
5,639888000
5,643802000
5,647449000
5,651285000
5,654980000
5,658635000
5,666260000
5,670320000
5,674186000
5,677786000
5,682113000
5,685883000
5,689650000
5,693327000
5,697251000
5,701324000
5,705080000
5,708953000
5,712599000
5,716348000
5,724327000
5,727887000
5,732257000
5,736207000
5,739693000
5,743574000
5,747296000
5,751311000
5,755036000
5,758765000
5,762531000
5,766341000
5,769762000
5,773346000
5,781939000
5,785798000
5,789822000
5,793878000
5,797755000
5,801574000
5,805421000
5,809536000
5,813499000
5,817312000
5,821393000
5,825454000
5,829232000
5,837563000
5,841228000
5,845087000
5,848922000
5,852992000
5,859653000
5,863358000
5,867382000
5,871103000
5,874880000
5,878477000
5,882451000
5,886021000
5,893994000
5,897807000
5,901452000
5,905255000
5,909244000
5,913377000
5,917135000
5,921098000
5,924803000
5,928772000
5,932401000
5,935937000
5,939772000
5,943947000
5,951591000
5,955475000
5,958872000
5,962402000
5,966476000
5,970109000
5,974171000
5,977785000
5,982372000
5,986434000
5,990439000
5,994138000
5,997971000
6,002014000
6,011077000
6,015201000
6,019344000
6,023521000
6,027401000
6,033002000
6,036912000
6,040790000
6,044784000
6,048607000
6,052391000
6,057155000
6,065265000
6,069390000
6,073184000
6,077414000
6,081687000
6,085471000
6,089451000
6,093497000
6,097334000
6,101213000
6,104961000
6,108745000
6,112657000
6,120759000
6,124840000
6,129115000
6,133156000
6,137225000
6,140988000
6,144916000
6,148541000
6,152631000
6,156972000
6,160675000
6,164611000
6,168486000
6,176705000
6,180464000
6,184618000
6,188686000
6,192667000
6,196242000
6,200247000
6,204032000
6,207911000
6,212114000
6,215870000
6,219575000
6,223538000
6,232275000
6,236108000
6,239764000
6,243761000
6,247307000
6,250834000
6,254371000
6,258173000
6,261943000
6,265684000
6,269398000
6,273647000
6,277270000
6,281561000
6,289947000
6,293882000
6,297605000
6,301829000
6,305715000
6,309538000
6,313206000
6,317003000
6,320892000
6,324564000
6,328454000
6,332668000
6,336295000
6,344324000
6,348066000
6,351665000
6,356627000
6,360299000
6,364503000
6,368516000
6,372210000
6,376179000
6,380447000
6,384197000
6,387997000
6,391790000
6,399795000
6,403656000
6,407875000
6,411797000
6,415803000
6,419527000
6,424009000
6,428049000
6,433126000
6,436879000
6,440700000
6,444565000
6,448554000
6,457717000
6,461297000
6,465259000
6,469091000
6,472947000
6,476571000
6,480452000
6,484271000
6,488023000
6,491583000
6,495331000
6,498929000
6,502763000
6,510624000
6,514923000
6,518425000
6,522768000
6,526438000
6,530531000
6,534157000
6,537941000
6,542041000
6,545784000
6,549447000
6,553282000
6,557557000
6,565846000
6,570228000
6,574336000
6,578528000
6,582926000
6,586898000
6,590778000
6,594486000
6,598517000
6,602819000
6,607594000
6,611557000
6,615403000
6,623674000
6,627780000
6,633157000
6,637094000
6,641033000
6,644995000
6,648867000
6,652568000
6,657355000
6,661747000
6,665476000
6,669321000
6,673086000
6,681809000
6,685527000
6,689525000
6,693686000
6,697554000
6,701551000
6,708456000
6,712545000
6,716592000
6,720531000
6,724756000
6,728790000
6,737433000
6,742144000
6,746239000
6,749938000
6,754063000
6,758060000
6,761845000
6,765653000
6,769248000
6,773642000
6,777260000
6,782053000
6,785796000
6,793581000
6,797427000
6,800899000
6,804823000
6,808595000
6,812464000
6,815896000
6,819824000
6,823558000
6,827636000
6,832322000
6,836188000
6,840023000
6,848455000
6,851863000
6,856426000
6,860409000
6,864056000
6,867671000
6,871839000
6,875841000
6,879499000
6,883153000
6,886770000
6,890574000
6,894406000
6,902589000
6,907116000
6,910838000
6,914693000
6,918282000
6,922156000
6,925589000
6,929574000
6,933640000
6,937272000
6,940971000
6,944592000
6,948470000
6,952199000
6,960081000
6,964230000
6,967863000
6,971642000
6,975497000
6,979135000
6,983036000
6,986741000
6,990421000
6,994453000
6,997996000
6,997996000
6,989246000
6,982012000
6,965378000
6,957401000
6,949545000
6,941845000
6,934849000
6,927537000
6,920152000
6,912774000
6,905212000
6,897220000
6,888675000
6,881263000
6,873846000
6,866418000
6,850832000
6,843317000
6,835053000
6,828058000
6,820581000
6,813232000
6,805934000
6,798565000
6,791280000
6,783628000
6,775568000
6,768311000
6,760467000
6,753339000
6,735659000
6,728123000
6,720783000
6,712151000
6,704720000
6,697492000
6,688612000
6,681574000
6,674384000
6,667393000
6,660430000
6,652531000
6,645411000
6,635790000
6,619665000
6,612463000
6,604971000
6,596978000
6,588294000
6,581074000
6,574262000
6,567098000
6,559212000
6,551986000
6,544673000
6,536356000
6,529058000
6,521879000
6,505594000
6,497732000
6,490193000
6,482964000
6,474908000
6,467592000
6,459250000
6,451448000
6,443826000
6,436026000
6,428595000
6,420497000
6,412040000
6,395775000
6,387137000
6,379368000
6,371508000
6,364132000
6,355865000
6,347711000
6,339043000
6,331722000
6,324185000
6,316982000
6,309045000
6,301750000
6,284386000
6,276988000
6,269518000
6,261769000
6,254121000
6,246433000
6,237021000
6,229740000
6,222351000
6,215145000
6,207410000
6,200356000
6,193140000
6,177386000
6,169152000
6,161671000
6,154652000
6,147082000
6,138430000
6,131163000
6,123388000
6,115435000
6,107955000
6,100858000
6,092628000
6,085062000
6,077439000
6,061794000
6,053252000
6,045438000
6,036530000
6,029296000
6,021129000
6,013402000
6,006113000
5,997021000
5,986755000
5,978366000
5,970619000
5,963017000
5,944984000
5,935799000
5,926890000
5,918560000
5,910889000
5,903278000
5,886059000
5,877721000
5,870177000
5,862173000
5,854825000
5,846860000
5,831253000
5,823898000
5,815952000
5,808105000
5,800338000
5,792414000
5,785193000
5,777342000
5,770359000
