(-0.000946391, -0.003574209, -0.003900468)
(-0.000936091, -0.003695764, -0.004000604)
(-0.000936091, -0.003695764, -0.004000604)
(-0.001041975, -0.003903411, -0.004000276)
(-0.001250610, -0.003936414, -0.004046053)
(-0.001453612, -0.003811585, -0.004266113)
(-0.001532760, -0.003667330, -0.004460007)
(-0.001492474, -0.003672885, -0.004566193)
(-0.001422334, -0.003834520, -0.004515648)
(-0.001378465, -0.003987385, -0.004500061)
(-0.001264427, -0.004159288, -0.004481196)
(-0.001264427, -0.004159288, -0.004481196)
(-0.001062129, -0.004375508, -0.004483938)
(-0.000740040, -0.004651995, -0.004445434)
(-0.000205968, -0.005022487, -0.004367471)
(0.000728849, -0.005516252, -0.004340231)
(0.002553903, -0.006312929, -0.004119635)
(0.002553903, -0.006312929, -0.004119635)
(0.005078997, -0.007414570, -0.004026949)
(0.007864416, -0.008825656, -0.003427297)
(0.008286987, -0.009538403, -0.002722323)
(0.007368926, -0.009915030, -0.002222240)
(0.005263779, -0.010048780, -0.002097845)
(0.002507705, -0.009643288, -0.002555758)
(0.000650641, -0.008678488, -0.003455102)
(-0.000139590, -0.006984064, -0.004751623)
(-0.000139590, -0.006984064, -0.004751623)
(-0.000177112, -0.004550835, -0.006207287)
(-0.000811968, -0.001295893, -0.007794082)
(-0.003220133, 0.002534172, -0.009471864)
(-0.007250663, 0.006258411, -0.011248770)
(-0.012780990, 0.009646004, -0.013248680)
(-0.019413760, 0.012966210, -0.015469790)
(-0.019413760, 0.012966210, -0.015469790)
(-0.027280670, 0.016767700, -0.017849180)
(-0.036383440, 0.021440310, -0.020284180)
(-0.046121680, 0.026365380, -0.022325370)
(-0.055694730, 0.030944340, -0.023341390)
(-0.064831970, 0.035049370, -0.022932110)
(-0.073578360, 0.039162670, -0.021442350)
(-0.082332690, 0.043686420, -0.020252080)
(-0.091296550, 0.048482490, -0.019452010)
(-0.091296550, 0.048482490, -0.019452010)
(-0.099878220, 0.052962620, -0.018626990)
(-0.109517100, 0.057709520, -0.017172900)
(-0.121559700, 0.062696500, -0.015275600)
(-0.136195500, 0.068460690, -0.014166650)
(-0.152423800, 0.075040340, -0.014586450)
(-0.166844400, 0.080251490, -0.015656410)
(-0.166844400, 0.080251490, -0.015656410)
(-0.178827800, 0.083575860, -0.016707240)
(-0.189932500, 0.086526690, -0.017716290)
(-0.201740200, 0.090868880, -0.019790950)
(-0.213821000, 0.097920840, -0.021147970)
(-0.225005100, 0.106909000, -0.021878870)
(-0.235102100, 0.116890000, -0.021816020)
(-0.245087000, 0.126542300, -0.021391990)
(-0.245087000, 0.126542300, -0.021391990)
(-0.255944700, 0.135808200, -0.021474000)
(-0.267472000, 0.145223800, -0.022145510)
(-0.279734600, 0.154201400, -0.023199410)
(-0.293204800, 0.162222300, -0.024294940)
(-0.307625700, 0.169085300, -0.025553380)
(-0.322547200, 0.174979800, -0.027569560)
(-0.338088900, 0.180901600, -0.030734900)
(-0.353742300, 0.187811700, -0.034100350)
(-0.353742300, 0.187811700, -0.034100350)
(-0.368726800, 0.195322800, -0.036725640)
(-0.383083700, 0.203532100, -0.038332850)
(-0.397002700, 0.212172900, -0.039875270)
(-0.410100300, 0.219880400, -0.041930140)
(-0.422575800, 0.226573500, -0.044306580)
(-0.434811800, 0.232480900, -0.046104550)
(-0.434811800, 0.232480900, -0.046104550)
(-0.447363000, 0.237925300, -0.047171530)
(-0.460443700, 0.243589200, -0.048461620)
(-0.473306400, 0.249594300, -0.050575550)
(-0.485163900, 0.255577100, -0.053134170)
(-0.495913900, 0.261791400, -0.055584370)
(-0.505030600, 0.268927200, -0.057673990)
(-0.513224800, 0.277320100, -0.060229360)
(-0.513224800, 0.277320100, -0.060229360)
(-0.520937100, 0.286600600, -0.063486990)
(-0.528046600, 0.295896800, -0.066511030)
(-0.534721600, 0.303974900, -0.068298460)
(-0.540561700, 0.310239000, -0.068476140)
(-0.545887600, 0.314832600, -0.068011640)
(-0.550664800, 0.317883300, -0.067580370)
(-0.554140600, 0.319785300, -0.066477570)
(-0.554140600, 0.319785300, -0.066477570)
(-0.555388100, 0.320990400, -0.063587550)
(-0.554563900, 0.321643500, -0.058755010)
(-0.552402300, 0.322800000, -0.053078530)
(-0.549487200, 0.325137900, -0.047367990)
(-0.546582900, 0.327695200, -0.041557160)
(-0.543976700, 0.329673300, -0.035998460)
(-0.541256800, 0.331794100, -0.031657100)
(-0.541256800, 0.331794100, -0.031657100)
(-0.537889100, 0.334568700, -0.028907780)
(-0.535185500, 0.334866300, -0.029312100)
(-0.530776900, 0.335755600, -0.026778670)
(-0.526312900, 0.334949100, -0.023382070)
(-0.521195900, 0.334004800, -0.019150290)
(-0.514872100, 0.334034000, -0.014232460)
(-0.507182200, 0.334376300, -0.008430719)
(-0.507182200, 0.334376300, -0.008430719)
(-0.498264700, 0.334201500, -0.001566708)
(-0.488635200, 0.333874000, 0.005792499)
(-0.477641600, 0.333950300, 0.013293270)
(-0.464495500, 0.334437400, 0.021083530)
(-0.449887000, 0.334859400, 0.029426810)
(-0.435026400, 0.333960700, 0.038614450)
(-0.420063900, 0.331461700, 0.048889730)
(-0.420063900, 0.331461700, 0.048889730)
(-0.403823800, 0.328493900, 0.059578030)
(-0.386359500, 0.325891800, 0.069713650)
(-0.369944800, 0.322131600, 0.079594340)
(-0.355158000, 0.314043500, 0.089490710)
(-0.339351600, 0.303051600, 0.097624780)
(-0.323656600, 0.294261500, 0.100131700)
(-0.310120000, 0.289086700, 0.099143270)
(-0.310120000, 0.289086700, 0.099143270)
(-0.299430800, 0.280372500, 0.101020000)
(-0.290335200, 0.265011000, 0.107885700)
(-0.280513200, 0.248857700, 0.115928500)
(-0.267327700, 0.237468000, 0.121069000)
(-0.253293000, 0.230786900, 0.123454400)
(-0.241498900, 0.223161800, 0.126708600)
(-0.230193400, 0.212381700, 0.131262600)
(-0.230193400, 0.212381700, 0.131262600)
(-0.216537500, 0.202848500, 0.133839000)
(-0.200356000, 0.197437400, 0.133442500)
(-0.184593700, 0.193726300, 0.132683200)
(-0.171673600, 0.187466000, 0.134048700)
(-0.161718800, 0.178779800, 0.135655900)
(-0.151063300, 0.170746700, 0.135371900)
(-0.139065100, 0.163482800, 0.133758100)
(-0.127523500, 0.156464600, 0.133611400)
(-0.127523500, 0.156464600, 0.133611400)
(-0.118287700, 0.148285100, 0.135859800)
(-0.110506500, 0.139652900, 0.139405700)
(-0.102126800, 0.131365100, 0.142070400)
(-0.092869100, 0.123295600, 0.143337000)
(-0.083782230, 0.115216600, 0.144143000)
(-0.075943650, 0.107699100, 0.145954200)
(-0.075943650, 0.107699100, 0.145954200)
(-0.069227010, 0.100761100, 0.149481400)
(-0.063000110, 0.094547750, 0.154169900)
(-0.055514940, 0.088765220, 0.157469700)
(-0.046691760, 0.083548810, 0.158409000)
(-0.037733780, 0.078909860, 0.157258800)
(-0.030234980, 0.074588270, 0.155166400)
(-0.024214200, 0.070146890, 0.153848400)
(-0.024214200, 0.070146890, 0.153848400)
(-0.018683720, 0.064972390, 0.154172200)
(-0.013595420, 0.058926360, 0.156302500)
(-0.008597169, 0.052223210, 0.159590400)
(-0.003386237, 0.045497510, 0.162882200)
(0.001005828, 0.039116660, 0.165487900)
(0.003618460, 0.033517190, 0.167488400)
(0.004081514, 0.029287130, 0.169188200)
(0.004081514, 0.029287130, 0.169188200)
(0.003047284, 0.026287160, 0.170792900)
(0.002397504, 0.023536770, 0.172493300)
(0.002547041, 0.020678680, 0.174233500)
(0.002395134, 0.018221460, 0.175818800)
(0.001867153, 0.016383920, 0.176922400)
(0.001715682, 0.014871730, 0.177493900)
(0.002105858, 0.013530510, 0.177730700)
(0.002105858, 0.013530510, 0.177730700)
(0.002491198, 0.012146060, 0.177511800)
(0.002300549, 0.010546270, 0.176575000)
(0.001402162, 0.008647453, 0.174780100)
(-0.000236638, 0.006638750, 0.172037100)
(-0.002007570, 0.004572602, 0.168513900)
(-0.003078479, 0.002316134, 0.164591800)
(-0.003354777, 0.000417559, 0.160896700)
(-0.003354777, 0.000417559, 0.160896700)
(-0.002927680, -0.000605201, 0.157476700)
(-0.002452593, -0.000118980, 0.154277800)
(-0.002870690, 0.002087669, 0.151003100)
(-0.003659707, 0.004988868, 0.147548400)
(-0.004694190, 0.007877188, 0.143854700)
(-0.005421940, 0.010088530, 0.140215900)
(-0.005713865, 0.011549940, 0.137095200)
(-0.005713865, 0.011549940, 0.137095200)
(-0.006078128, 0.012544350, 0.134610600)
(-0.006805826, 0.013201730, 0.132825400)
(-0.007836338, 0.013492060, 0.131783100)
(-0.008940421, 0.013499750, 0.131328900)
(-0.009805456, 0.013179550, 0.131237400)
(-0.010462350, 0.012480030, 0.131320900)
(-0.010950570, 0.011452820, 0.131514100)
(-0.010950570, 0.011452820, 0.131514100)
(-0.011053770, 0.010064880, 0.131653000)
(-0.010714930, 0.008556601, 0.132361800)
(-0.010203410, 0.007129252, 0.131770600)
(-0.009802770, 0.006079076, 0.130717700)
(-0.009556849, 0.005528519, 0.129256300)
(-0.009400066, 0.005309796, 0.126697000)
(-0.009243902, 0.005340826, 0.124046700)
