(0.012164050, 0.006638039, 0.003207684)
(0.011334330, 0.008164484, 0.003881782)
(0.008943200, 0.010050770, 0.005109012)
(0.008943200, 0.010050770, 0.005109012)
(0.006253351, 0.011073260, 0.007276803)
(0.004735671, 0.010851470, 0.010011550)
(0.003193773, 0.010106040, 0.012806360)
(0.001026407, 0.009411516, 0.015165980)
(-0.002603203, 0.009483317, 0.016649250)
(-0.007946663, 0.010589960, 0.017168400)
(-0.014873450, 0.012613890, 0.016899700)
(-0.014873450, 0.012613890, 0.016899700)
(-0.022623710, 0.014625830, 0.016344130)
(-0.030383030, 0.015849040, 0.015780660)
(-0.038805390, 0.017057660, 0.015352250)
(-0.048441150, 0.018916120, 0.014893170)
(-0.058605320, 0.021405720, 0.014108360)
(-0.069123310, 0.024880930, 0.012452720)
(-0.069123310, 0.024880930, 0.012452720)
(-0.079655480, 0.029591260, 0.010008480)
(-0.090287890, 0.035347680, 0.006719351)
(-0.101246300, 0.041540450, 0.003181875)
(-0.112373200, 0.047099930, 0.000058591)
(-0.123494600, 0.051773210, -0.002529234)
(-0.134399700, 0.056091880, -0.004850686)
(-0.145642000, 0.060238260, -0.006931365)
(-0.145642000, 0.060238260, -0.006931365)
(-0.157918000, 0.064047750, -0.008661628)
(-0.170958000, 0.067706320, -0.009904742)
(-0.183802400, 0.072177730, -0.011090250)
(-0.196200700, 0.078576960, -0.012461130)
(-0.208107700, 0.086987990, -0.013781190)
(-0.219016100, 0.096606980, -0.014414400)
(-0.229078700, 0.106517500, -0.014395560)
(-0.239285200, 0.116838100, -0.014384510)
(-0.239285200, 0.116838100, -0.014384510)
(-0.250252300, 0.128172400, -0.015041560)
(-0.261400600, 0.139357500, -0.016045930)
(-0.272755000, 0.148807100, -0.017448370)
(-0.284090600, 0.156377300, -0.019603370)
(-0.295178700, 0.163640100, -0.022204490)
(-0.306931600, 0.171826900, -0.024707880)
(-0.306931600, 0.171826900, -0.024707880)
(-0.319692300, 0.180559400, -0.027121660)
(-0.332771100, 0.188789300, -0.029600260)
(-0.345835600, 0.196357800, -0.032265070)
(-0.359251000, 0.203149400, -0.035334830)
(-0.373199500, 0.209461600, -0.038524060)
(-0.387749500, 0.215701300, -0.041956070)
(-0.402403900, 0.221856100, -0.045639690)
(-0.402403900, 0.221856100, -0.045639690)
(-0.416101000, 0.228536700, -0.049073400)
(-0.428232300, 0.236324600, -0.052078600)
(-0.439312900, 0.245133500, -0.054492770)
(-0.449451600, 0.254377700, -0.056154190)
(-0.459209200, 0.263738000, -0.057914170)
(-0.469140600, 0.273471700, -0.059953210)
(-0.478673800, 0.284433700, -0.061256260)
(-0.486749200, 0.296055300, -0.060664740)
(-0.486749200, 0.296055300, -0.060664740)
(-0.493194300, 0.306043100, -0.058917580)
(-0.500062200, 0.313887400, -0.058684470)
(-0.507544600, 0.321440500, -0.061875020)
(-0.515009300, 0.330057000, -0.068697630)
(-0.522478200, 0.336085200, -0.079553720)
(-0.527617300, 0.342487300, -0.087007250)
(-0.527617300, 0.342487300, -0.087007250)
(-0.533344600, 0.346221200, -0.092173250)
(-0.539290000, 0.347681000, -0.093752090)
(-0.542957800, 0.346885000, -0.090513050)
(-0.543459400, 0.344153000, -0.082881270)
(-0.541727100, 0.340926100, -0.073648330)
(-0.538418100, 0.338733000, -0.064927460)
(-0.533639000, 0.338205300, -0.057342260)
(-0.533639000, 0.338205300, -0.057342260)
(-0.526997100, 0.338812100, -0.049624860)
(-0.519636700, 0.340694600, -0.042292830)
(-0.512456600, 0.343746500, -0.036654410)
(-0.505003300, 0.347111500, -0.032071620)
(-0.496439900, 0.349412500, -0.026379260)
(-0.486840700, 0.348951500, -0.018462300)
(-0.476329700, 0.345498000, -0.008683592)
(-0.476329700, 0.345498000, -0.008683592)
(-0.464052200, 0.340763200, 0.001339138)
(-0.450580100, 0.337315600, 0.009816527)
(-0.436447900, 0.334737400, 0.018163500)
(-0.424149000, 0.329721400, 0.026961420)
(-0.412921100, 0.321415300, 0.036006930)
(-0.399845300, 0.313841900, 0.044294450)
(-0.383398600, 0.310168400, 0.051647540)
(-0.364286700, 0.306964800, 0.059163810)
(-0.364286700, 0.306964800, 0.059163810)
(-0.347257900, 0.301196400, 0.066395400)
(-0.333066500, 0.293650200, 0.072459430)
(-0.318074400, 0.286874400, 0.076911300)
(-0.300035300, 0.280908600, 0.080694320)
(-0.282443700, 0.273386200, 0.085462390)
(-0.267729900, 0.263121300, 0.091690480)
(-0.267729900, 0.263121300, 0.091690480)
(-0.255038200, 0.251509600, 0.097605940)
(-0.240073100, 0.240282300, 0.102673800)
(-0.222246600, 0.228703500, 0.108074700)
(-0.203848700, 0.216879200, 0.113799400)
(-0.185232500, 0.204253600, 0.119386500)
(-0.169394000, 0.192118800, 0.122696300)
(-0.154506700, 0.180880900, 0.124801200)
(-0.154506700, 0.180880900, 0.124801200)
(-0.138874400, 0.167853600, 0.127085000)
(-0.123132300, 0.153913000, 0.129757200)
(-0.107553900, 0.142428900, 0.132725500)
(-0.092354810, 0.132858300, 0.135349000)
(-0.077204650, 0.121933900, 0.138862500)
(-0.061939840, 0.109529100, 0.143832900)
(-0.047710840, 0.099336410, 0.146983300)
(-0.047710840, 0.099336410, 0.146983300)
(-0.035304400, 0.092968130, 0.146359000)
(-0.024324960, 0.088493160, 0.143666700)
(-0.014892790, 0.081917160, 0.143035700)
(-0.006859064, 0.071445330, 0.146249500)
(0.000135772, 0.059666860, 0.150438500)
(0.008481398, 0.049003920, 0.151411400)
(0.015707050, 0.041507040, 0.147576700)
(0.015707050, 0.041507040, 0.147576700)
(0.020869730, 0.035756950, 0.142107000)
(0.025182640, 0.028915810, 0.139235900)
(0.028302180, 0.021069380, 0.139769200)
(0.029804540, 0.013561330, 0.141229600)
(0.031889520, 0.006417256, 0.140713200)
(0.034554330, 0.000344832, 0.137682700)
(0.037304740, -0.004862128, 0.133287600)
(0.037304740, -0.004862128, 0.133287600)
(0.039819810, -0.009369973, 0.128980600)
(0.041482490, -0.013515650, 0.126384000)
(0.042575220, -0.017075900, 0.126485300)
(0.043685190, -0.018970020, 0.127891500)
(0.044748620, -0.018537550, 0.128821300)
(0.045880900, -0.016454350, 0.128642700)
(0.047353810, -0.013753000, 0.127461200)
(0.047353810, -0.013753000, 0.127461200)
(0.048538960, -0.011793870, 0.125571500)
(0.048435150, -0.010791350, 0.123622200)
(0.046704000, -0.010509120, 0.122125300)
(0.044283700, -0.010666660, 0.121493500)
(0.040861210, -0.010142910, 0.121980400)
(0.036127590, -0.008826992, 0.122436000)
(0.030992210, -0.006907110, 0.122185500)
(0.026458810, -0.004595067, 0.121285400)
(0.026458810, -0.004595067, 0.121285400)
(0.023371880, -0.002147532, 0.120272800)
(0.021615070, 0.000255695, 0.119145800)
(0.020097900, 0.002533605, 0.117590100)
(0.018220440, 0.004622079, 0.115471000)
(0.016431600, 0.006200498, 0.112991900)
(0.016431600, 0.006200498, 0.112991900)
(0.014763240, 0.007203558, 0.110579300)
(0.013499370, 0.007840147, 0.108560500)
(0.013103560, 0.008122815, 0.106822600)
(0.014000330, 0.007820794, 0.105313900)
(0.015308030, 0.007223902, 0.103750500)
(0.016675490, 0.006220369, 0.102326800)
(0.017660630, 0.005153913, 0.102023700)
(0.018236750, 0.003999496, 0.101198100)
(0.018236750, 0.003999496, 0.101198100)
(0.018451860, 0.002745898, 0.100545600)
(0.018563870, 0.001413172, 0.099832890)
(0.018892540, 0.000159253, 0.098884700)
(0.019286190, -0.000883283, 0.097745660)
(0.019116360, -0.001194615, 0.095676240)
(0.018349820, -0.000647649, 0.093480230)
(0.018349820, -0.000647649, 0.093480230)
(0.018414910, -0.000408877, 0.091606800)
(0.018386580, 0.000347057, 0.089987160)
(0.018289790, 0.001275050, 0.088448760)
(0.017945180, 0.001878794, 0.087393820)
(0.017156940, 0.002184341, 0.086846290)
(0.016481190, 0.001597201, 0.086589930)
(0.016174970, 0.000133596, 0.086321830)
(0.015945750, -0.001290724, 0.085812990)
(0.015945750, -0.001290724, 0.085812990)
(0.016240730, -0.002498159, 0.085123660)
(0.016959990, -0.003344476, 0.084307370)
(0.017675600, -0.003815794, 0.083356320)
(0.018265320, -0.004218500, 0.082188960)
(0.018923880, -0.004404331, 0.080869730)
(0.019567800, -0.004038598, 0.079484400)
(0.020319990, -0.002978534, 0.077830080)
(0.020319990, -0.002978534, 0.077830080)
(0.021091600, -0.001991137, 0.076329530)
(0.021709190, -0.001292488, 0.074842330)
(0.022371920, -0.001012629, 0.073443350)
(0.022975090, -0.001106986, 0.072395120)
(0.023445450, -0.001303442, 0.071453090)
(0.023853140, -0.001653145, 0.070791070)
(0.024055110, -0.001692826, 0.070147810)
(0.024055110, -0.001692826, 0.070147810)
(0.024356410, -0.001679790, 0.069683130)
(0.024856680, -0.001871492, 0.069358890)
(0.025527350, -0.002261570, 0.069071230)
(0.026170760, -0.002490141, 0.068594750)
(0.027015150, -0.002687775, 0.068059180)
(0.027961850, -0.003025688, 0.067442770)
