(0.012997830, -0.104505900, -0.994439400)
(0.008336974, -0.110263200, -0.993867300)
(0.008336974, -0.110263200, -0.993867300)
(0.001810201, -0.116373200, -0.993203900)
(-0.005225596, -0.124391000, -0.992219500)
(-0.011998290, -0.136596600, -0.990554200)
(-0.018519700, -0.151019300, -0.988357300)
(-0.024877900, -0.169348400, -0.985242200)
(-0.031577830, -0.190788100, -0.981123200)
(-0.031577830, -0.190788100, -0.981123200)
(-0.040397780, -0.240569400, -0.969790800)
(-0.040397780, -0.240569400, -0.969790800)
(-0.041113580, -0.270676500, -0.961792100)
(-0.042473920, -0.303331000, -0.951938200)
(-0.043584590, -0.338668200, -0.939895900)
(-0.042254410, -0.376484900, -0.925458600)
(-0.039780670, -0.416137300, -0.908431200)
(-0.036882110, -0.458464200, -0.887947100)
(-0.034054200, -0.501314300, -0.864594800)
(-0.034054200, -0.501314300, -0.864594800)
(-0.033180090, -0.542463700, -0.839423700)
(-0.033215200, -0.579776700, -0.814098200)
(-0.032525500, -0.616383300, -0.786774100)
(-0.033275260, -0.651492400, -0.757925100)
(-0.035448840, -0.682558500, -0.729970600)
(-0.038138480, -0.712093400, -0.701048200)
(-0.038138480, -0.712093400, -0.701048200)
(-0.041950710, -0.738702900, -0.672724500)
(-0.046995170, -0.762410800, -0.645384600)
(-0.049280560, -0.784897300, -0.617663100)
(-0.046530410, -0.807008600, -0.588703700)
(-0.040589620, -0.831041000, -0.554728200)
(-0.034883620, -0.854956500, -0.517525400)
(-0.034883620, -0.854956500, -0.517525400)
(-0.029319440, -0.875608100, -0.482131600)
(-0.021908540, -0.892348100, -0.450815900)
(-0.011440650, -0.905881500, -0.423376700)
(0.000087784, -0.918887400, -0.394519800)
(0.008763229, -0.930400800, -0.366438900)
(0.012537580, -0.939795800, -0.341506200)
(0.015718200, -0.947671800, -0.318859100)
(0.021501000, -0.955290400, -0.294886200)
(0.021501000, -0.955290400, -0.294886200)
(0.028893790, -0.962050300, -0.271338100)
(0.033777740, -0.967846200, -0.249264700)
(0.033539190, -0.973364700, -0.226795500)
(0.028854980, -0.978340400, -0.204981600)
(0.020809730, -0.982112800, -0.187140000)
(0.011423860, -0.985140300, -0.171370400)
(0.003049904, -0.987050600, -0.160380200)
(0.003049904, -0.987050600, -0.160380200)
(-0.003231658, -0.987989400, -0.154488000)
(-0.007845710, -0.988276900, -0.152470000)
(-0.011740620, -0.988168800, -0.152920000)
(-0.014992920, -0.988222300, -0.152288500)
(-0.017578570, -0.988396800, -0.150873400)
(-0.019835810, -0.988487100, -0.149998900)
(-0.019835810, -0.988487100, -0.149998900)
(-0.022704580, -0.988569900, -0.149043900)
(-0.025367920, -0.988601700, -0.148402000)
(-0.026356000, -0.988141400, -0.151267200)
(-0.023663350, -0.987173200, -0.157889300)
(-0.016895090, -0.985843200, -0.166817000)
(-0.008472948, -0.984417700, -0.175641600)
(-0.001634500, -0.982432900, -0.186609200)
(-0.001634500, -0.982432900, -0.186609200)
(0.002913090, -0.979459700, -0.201619200)
(0.006028740, -0.974868700, -0.222698900)
(0.007357799, -0.968178200, -0.250153500)
(0.005233571, -0.960508800, -0.278200500)
(-0.003865835, -0.952607200, -0.304178700)
(-0.021326340, -0.943075800, -0.331893400)
(-0.040930180, -0.929252600, -0.367170700)
(-0.052172650, -0.910984500, -0.409127400)
(-0.052172650, -0.910984500, -0.409127400)
(-0.052891220, -0.891966900, -0.448995900)
(-0.049138780, -0.875204100, -0.481251600)
(-0.045516560, -0.857008400, -0.513288500)
(-0.044075820, -0.834828100, -0.548743200)
(-0.048303250, -0.809313900, -0.585386900)
(-0.056760260, -0.782577600, -0.619960100)
(-0.064430280, -0.755197800, -0.652322700)
(-0.064430280, -0.755197800, -0.652322700)
(-0.070949840, -0.725906000, -0.684124700)
(-0.076900140, -0.695595000, -0.714306700)
(-0.082214110, -0.665674300, -0.741699800)
(-0.084833880, -0.634228800, -0.768477100)
(-0.079191860, -0.597945200, -0.797615400)
(-0.065716300, -0.560664800, -0.825431000)
(-0.065716300, -0.560664800, -0.825431000)
(-0.051993060, -0.526385500, -0.848654700)
(-0.047598200, -0.495794100, -0.867134700)
(-0.049924270, -0.463014900, -0.884943300)
(-0.050342530, -0.427415500, -0.902652500)
(-0.047645590, -0.392923100, -0.918336200)
(-0.044898040, -0.361058200, -0.931461900)
(-0.044264930, -0.330603400, -0.942731200)
(-0.043578380, -0.299201300, -0.953194400)
(-0.043578380, -0.299201300, -0.953194400)
(-0.041514580, -0.265836800, -0.963123700)
(-0.038767010, -0.235178000, -0.971178900)
