(0.001276337, -0.002673084, -0.003651351)
(0.001804493, -0.001883121, -0.004087001)
(0.001804493, -0.001883121, -0.004087001)
(0.002227321, -0.001091542, -0.004348487)
(0.002606995, -0.000701260, -0.004421800)
(0.003226425, -0.000966827, -0.004112333)
(0.003830384, -0.001723425, -0.003660530)
(0.004693814, -0.002892774, -0.002986223)
(0.005777359, -0.004134204, -0.002046645)
(0.007130556, -0.005310996, -0.001126051)
(0.009041667, -0.006466262, -0.000683993)
(0.009041667, -0.006466262, -0.000683993)
(0.011559070, -0.007410443, -0.001092076)
(0.014408680, -0.007809950, -0.002540827)
(0.017432250, -0.007873073, -0.004607230)
(0.020607010, -0.007920152, -0.006437778)
(0.023241760, -0.007685663, -0.007731467)
(0.024090580, -0.006571768, -0.008791655)
(0.024228230, -0.004440418, -0.010192660)
(0.024228230, -0.004440418, -0.010192660)
(0.023423930, -0.001411630, -0.012142360)
(0.021718560, 0.002148833, -0.014477940)
(0.020082360, 0.006032638, -0.016935970)
(0.019289930, 0.009874661, -0.019061540)
(0.018824210, 0.013511670, -0.020656230)
(0.017815830, 0.017217620, -0.021696540)
(0.015787260, 0.020996750, -0.022443180)
(0.015787260, 0.020996750, -0.022443180)
(0.012887400, 0.024526290, -0.023057490)
(0.009259902, 0.027585440, -0.023458780)
(0.004795983, 0.030197210, -0.023715940)
(-0.000550840, 0.032566290, -0.023991610)
(-0.006849770, 0.034838270, -0.024399700)
(-0.014529910, 0.037042170, -0.025128040)
(-0.023011300, 0.039065820, -0.026325050)
(-0.023011300, 0.039065820, -0.026325050)
(-0.031664590, 0.041122120, -0.027637990)
(-0.040543900, 0.043768260, -0.029340270)
(-0.049611200, 0.047161510, -0.031195850)
(-0.059139370, 0.051033290, -0.032479470)
(-0.069497180, 0.055446620, -0.032622310)
(-0.080629690, 0.061331990, -0.032445610)
(-0.092845020, 0.069093500, -0.032361540)
(-0.092845020, 0.069093500, -0.032361540)
(-0.107632200, 0.077570140, -0.031540070)
(-0.123390000, 0.085138510, -0.029268920)
(-0.137087000, 0.091914290, -0.026485470)
(-0.149424600, 0.100213900, -0.025106730)
(-0.162348700, 0.110385700, -0.026108470)
(-0.176868500, 0.120493300, -0.028451920)
(-0.176868500, 0.120493300, -0.028451920)
(-0.192997400, 0.128454000, -0.030112500)
(-0.208670200, 0.134403600, -0.030227840)
(-0.223234400, 0.139585900, -0.029589770)
(-0.237683900, 0.144423600, -0.028855620)
(-0.251806100, 0.148899200, -0.027791920)
(-0.264444000, 0.153737400, -0.026135060)
(-0.276336300, 0.159700200, -0.024167540)
(-0.276336300, 0.159700200, -0.024167540)
(-0.289367600, 0.167127400, -0.024042430)
(-0.303349400, 0.175392600, -0.025751170)
(-0.316328800, 0.183091100, -0.026921930)
(-0.327631200, 0.189280300, -0.026061510)
(-0.339199300, 0.194353900, -0.023628470)
(-0.352166000, 0.199264900, -0.021695550)
(-0.365902200, 0.204681100, -0.021762490)
(-0.379457400, 0.210700200, -0.023272220)
(-0.379457400, 0.210700200, -0.023272220)
(-0.392650700, 0.217182700, -0.025085060)
(-0.406520800, 0.223708700, -0.027050170)
(-0.421012400, 0.230391500, -0.029407470)
(-0.433413700, 0.237528700, -0.030761090)
(-0.442845500, 0.244397300, -0.031229440)
(-0.450913700, 0.250647200, -0.032005310)
(-0.459006500, 0.256925900, -0.033314820)
(-0.459006500, 0.256925900, -0.033314820)
(-0.467415200, 0.263485500, -0.034963670)
(-0.475582600, 0.270476400, -0.037069350)
(-0.483097100, 0.278857800, -0.039443970)
(-0.489687600, 0.288614800, -0.042598340)
(-0.495674900, 0.299578400, -0.046635930)
(-0.498966000, 0.310066300, -0.049232480)
(-0.501009200, 0.315805700, -0.051606120)
(-0.501009200, 0.315805700, -0.051606120)
(-0.501750200, 0.319995100, -0.049498440)
(-0.502673700, 0.322270900, -0.045939330)
(-0.503931800, 0.324573400, -0.042265470)
(-0.505124100, 0.326501700, -0.039284800)
(-0.504994400, 0.327242600, -0.036370930)
(-0.504153800, 0.325902400, -0.033828500)
(-0.504153800, 0.325902400, -0.033828500)
(-0.503867200, 0.322944900, -0.032475890)
(-0.504465200, 0.319173200, -0.032084760)
(-0.505318800, 0.314723700, -0.031344470)
(-0.505013500, 0.310305100, -0.029466690)
(-0.501594800, 0.307137100, -0.025870380)
(-0.494325100, 0.305248500, -0.020465550)
(-0.484537100, 0.303615600, -0.013403560)
(-0.473773200, 0.301048400, -0.005760789)
(-0.473773200, 0.301048400, -0.005760789)
(-0.461831800, 0.298817600, 0.001549870)
(-0.448145600, 0.297646400, 0.008833230)
(-0.433199200, 0.295525800, 0.017160360)
(-0.418670400, 0.290567500, 0.026771960)
(-0.406210500, 0.282489700, 0.036747340)
(-0.393749200, 0.274212900, 0.045336540)
(-0.393749200, 0.274212900, 0.045336540)
(-0.376317600, 0.269200100, 0.051837380)
(-0.355986800, 0.267326400, 0.056755420)
(-0.336931000, 0.265578300, 0.062415180)
(-0.321897700, 0.259868500, 0.069829610)
(-0.308222400, 0.252753100, 0.076157990)
(-0.291688600, 0.248566400, 0.080004600)
(-0.274070600, 0.245462100, 0.082813440)
(-0.259083700, 0.238608600, 0.086991190)
(-0.259083700, 0.238608600, 0.086991190)
(-0.249043600, 0.226652900, 0.092374740)
(-0.239441300, 0.213669500, 0.096911730)
(-0.226092300, 0.202625900, 0.099639590)
(-0.210609600, 0.193114200, 0.101376000)
(-0.197511700, 0.183415700, 0.103494700)
(-0.187731300, 0.172764200, 0.105468900)
(-0.187731300, 0.172764200, 0.105468900)
(-0.178895500, 0.162949300, 0.106004000)
(-0.170084100, 0.153296700, 0.106332100)
(-0.162538500, 0.142752300, 0.108073000)
(-0.156306100, 0.130926200, 0.112511000)
(-0.149222400, 0.119454100, 0.117970400)
(-0.139210600, 0.109427100, 0.122270500)
(-0.128929200, 0.102865900, 0.124525900)
(-0.128929200, 0.102865900, 0.124525900)
(-0.120067200, 0.099237390, 0.127080300)
(-0.112296700, 0.095566510, 0.130890400)
(-0.105021500, 0.091286640, 0.135209700)
(-0.095228650, 0.087608030, 0.138793500)
(-0.081976480, 0.085638610, 0.141119800)
(-0.067121090, 0.085491660, 0.142500800)
(-0.052570080, 0.085809190, 0.143858500)
(-0.052570080, 0.085809190, 0.143858500)
(-0.039306470, 0.084965070, 0.145972200)
(-0.027676330, 0.082481100, 0.148235000)
(-0.017129420, 0.079098340, 0.149850100)
(-0.007292345, 0.075754230, 0.150786800)
(0.000776097, 0.073982090, 0.150764300)
(0.007715024, 0.073768350, 0.149928100)
(0.014248450, 0.074056490, 0.148669100)
(0.014248450, 0.074056490, 0.148669100)
(0.021171380, 0.073661830, 0.146983200)
(0.027977310, 0.072301600, 0.145015700)
(0.033421300, 0.070012260, 0.143175300)
(0.036660540, 0.067053590, 0.141846700)
(0.038387650, 0.063662310, 0.141326000)
(0.039427430, 0.059792170, 0.141286300)
(0.039898930, 0.055451730, 0.140784400)
(0.039898930, 0.055451730, 0.140784400)
(0.039844150, 0.050861540, 0.139148400)
(0.038505310, 0.045786170, 0.136894300)
(0.035818770, 0.040107560, 0.134727400)
(0.032382920, 0.033834850, 0.132799900)
(0.028752630, 0.027041560, 0.131347000)
(0.025057610, 0.020579360, 0.130338300)
(0.021189480, 0.015491610, 0.129874100)
(0.021189480, 0.015491610, 0.129874100)
(0.017975580, 0.012370080, 0.129869900)
(0.017396280, 0.010433700, 0.129609700)
(0.018482620, 0.009382337, 0.128855500)
(0.020515000, 0.008732565, 0.127683500)
(0.022089190, 0.009032128, 0.125967900)
(0.023152940, 0.010069510, 0.123202300)
(0.022632030, 0.012255540, 0.119320500)
(0.022632030, 0.012255540, 0.119320500)
(0.021080370, 0.015096800, 0.115157600)
(0.018511830, 0.017698370, 0.111694700)
(0.015457490, 0.019003190, 0.109718400)
(0.012906910, 0.018616500, 0.109280200)
(0.011947590, 0.016910520, 0.109451200)
(0.012272060, 0.014864730, 0.109185900)
(0.013799110, 0.012916860, 0.108997000)
(0.013799110, 0.012916860, 0.108997000)
(0.016076820, 0.011136290, 0.107761000)
(0.018463230, 0.009470791, 0.106552300)
(0.020225630, 0.008029379, 0.105344200)
(0.020739350, 0.007172486, 0.103987200)
(0.019868410, 0.007063704, 0.102404500)
(0.018043840, 0.007401420, 0.100412200)
(0.015958400, 0.007641872, 0.098069970)
(0.015958400, 0.007641872, 0.098069970)
(0.014146910, 0.007443847, 0.095765530)
(0.012492600, 0.006901218, 0.093822780)
(0.011078630, 0.005961560, 0.092471240)
(0.010022670, 0.004740493, 0.091737450)
(0.009678561, 0.003344325, 0.091342930)
(0.010043430, 0.002100760, 0.090842310)
(0.010831490, 0.001075847, 0.090207640)
(0.010831490, 0.001075847, 0.090207640)
(0.011979780, 0.000067044, 0.089606340)
(0.013294580, -0.000912624, 0.088421110)
(0.014266020, -0.001584847, 0.087016880)
(0.014549250, -0.001871688, 0.085359160)
(0.014350620, -0.001879115, 0.083558980)
(0.013988300, -0.001797745, 0.081502020)
