(0.009415817, 0.005525051, -0.014289380)
(0.005674834, 0.010527690, -0.018345880)
(0.006581268, 0.013252810, -0.012675950)
(0.006581268, 0.013252810, -0.012675950)
(0.010268390, 0.013475630, -0.008249426)
(0.010055510, 0.010289900, 0.008301357)
(0.011273940, 0.014792010, 0.034244330)
(0.005566347, 0.027658000, 0.058860050)
(-0.008039352, 0.059156140, 0.078062390)
(-0.007490066, 0.087454470, 0.092163020)
(-0.004483126, 0.110114300, 0.110932700)
(-0.004483126, 0.110114300, 0.110932700)
(0.022978290, 0.100725600, 0.151345300)
(0.019984800, 0.080579910, 0.203543700)
(-0.004231045, 0.107313400, 0.208345500)
(0.000662406, 0.109581500, 0.197997500)
(0.009467074, 0.079604980, 0.205367800)
(0.027674560, 0.078994950, 0.190626100)
(0.027206550, 0.072860100, 0.158043100)
(0.027206550, 0.072860100, 0.158043100)
(0.000807937, 0.099512370, 0.137130600)
(0.064239820, 0.066348590, 0.167974200)
(0.043192640, -0.043184870, 0.218784300)
(-0.007708711, -0.077286180, 0.193724300)
(-0.004376092, -0.058015120, 0.126690700)
(0.015236830, 0.003919253, 0.105408200)
(0.028374680, 0.029220920, 0.077898440)
(0.028374680, 0.029220920, 0.077898440)
(-0.040993430, 0.013202840, 0.055668870)
(-0.065929020, 0.016912010, 0.037673960)
(-0.050743490, -0.052133240, -0.023072210)
(-0.015357580, -0.111432100, -0.100783400)
(-0.010324460, -0.153054700, -0.150295700)
(-0.022247280, -0.242252300, -0.200356500)
(0.002548072, -0.274684900, -0.238730000)
(0.002548072, -0.274684900, -0.238730000)
(-0.002277882, -0.272429300, -0.305791600)
(0.007071039, -0.298384900, -0.331878600)
(0.012783540, -0.335999700, -0.350435100)
(0.031916740, -0.368070300, -0.350505000)
(0.000132922, -0.287436300, -0.308176900)
(-0.004760838, -0.205710600, -0.280895400)
(0.026748440, -0.186894100, -0.283536900)
(0.026748440, -0.186894100, -0.283536900)
(0.018313540, -0.146770500, -0.277008200)
(0.022683230, -0.113244600, -0.227006400)
(-0.014239020, -0.087267960, -0.175121900)
(0.032747490, -0.079304640, -0.155450400)
(0.097105870, -0.028227360, -0.097451010)
(0.070172290, 0.031903330, -0.041245670)
(0.024217100, 0.042240910, 0.021424060)
(0.024217100, 0.042240910, 0.021424060)
(0.054181680, 0.017766960, 0.042946100)
(0.083219630, -0.001720215, 0.064406280)
(0.055859910, 0.039628150, 0.077335320)
(0.019601920, 0.085816640, 0.070229770)
(0.014480520, 0.085088740, 0.061415090)
(0.031737160, 0.066120860, 0.067929910)
(0.005949422, 0.048390270, 0.065904630)
(0.005949422, 0.048390270, 0.065904630)
(-0.013441200, 0.049589090, 0.043427180)
(-0.044830830, 0.030045700, 0.043983630)
(-0.045932180, 0.004372403, 0.048562830)
(-0.041673650, 0.012461520, 0.035742180)
(-0.058070920, 0.033994010, -0.004138814)
(-0.080064380, 0.028830540, -0.034520900)
(-0.091286550, 0.003662689, -0.019604940)
(-0.091286550, 0.003662689, -0.019604940)
(-0.109294600, -0.001290720, -0.015570770)
(-0.112986900, 0.019348310, -0.007949125)
(-0.057502210, 0.016253250, -0.027263150)
(-0.037698420, -0.013308640, -0.023800160)
(0.002966128, -0.030765290, -0.022229950)
(-0.039590660, -0.002711072, -0.014849730)
(-0.053985760, 0.019451100, -0.001291061)
(-0.046623130, -0.004031744, 0.003601569)
(-0.046623130, -0.004031744, 0.003601569)
(-0.013812190, -0.083516050, 0.013100820)
(-0.038511530, -0.088686700, 0.013793810)
(-0.065923940, -0.004319889, -0.005786239)
(-0.038611230, 0.035701290, -0.026812940)
(-0.027699070, -0.020344710, -0.014349440)
(-0.047111610, -0.029519880, 0.001261838)
(-0.047111610, -0.029519880, 0.001261838)
(-0.063286380, 0.009302522, -0.009356786)
(-0.093849350, 0.002788627, -0.033849400)
(-0.084519640, -0.082572550, -0.024562490)
(-0.069820940, -0.117908300, 0.033910380)
(-0.041160730, -0.069157030, 0.071699720)
(-0.067436040, 0.000368083, 0.058430800)
(0.012249950, 0.071096100, 0.054630700)
(0.109581500, 0.090781380, 0.075332600)
(0.109581500, 0.090781380, 0.075332600)
(0.072604610, 0.113270500, 0.064654510)
(0.092159610, 0.139740200, 0.051242200)
(0.093674100, 0.092599520, 0.035562710)
(0.133666000, 0.049561860, 0.027539730)
(0.124374600, 0.005565098, 0.025578240)
(0.121770800, -0.008942170, 0.036100980)
(0.121770800, -0.008942170, 0.036100980)
(0.116563100, 0.015415560, 0.034151890)
(0.063250540, -0.021896300, -0.004004126)
(0.024019210, -0.019818940, -0.024378110)
(0.094860910, 0.038465460, -0.027696100)
(0.123550800, 0.069013830, -0.011682370)
(0.060404100, 0.035517250, -0.034605310)
(0.011733960, -0.009421309, -0.069711880)
(0.011733960, -0.009421309, -0.069711880)
(-0.014177020, -0.038900450, -0.057037540)
(-0.024265540, -0.040805090, -0.044347830)
(-0.014531630, 0.009630976, -0.051954880)
(-0.029502620, 0.005467753, -0.059028730)
(-0.060961580, -0.032851880, -0.056698380)
(-0.032238740, -0.046384580, -0.046675890)
(0.034459480, -0.004654908, -0.018428930)
(0.034459480, -0.004654908, -0.018428930)
(0.063777100, 0.039633740, 0.002638671)
(0.047498210, 0.040362620, 0.019484750)
(0.020233750, 0.017863630, 0.021305220)
(0.042782530, 0.015187130, 0.007511705)
(0.095762300, 0.036041320, 0.014748100)
(0.130715600, 0.066384350, 0.043471480)
(0.192719000, 0.041112100, 0.056519010)
(0.192719000, 0.041112100, 0.056519010)
(0.117037200, -0.067142160, 0.041981060)
(0.093189950, -0.058767180, 0.003109398)
(0.078349710, 0.000844353, -0.028557960)
(0.104652300, -0.006406582, -0.015224420)
(0.023632600, 0.003445341, -0.009027408)
(0.033682940, -0.012448190, -0.027539340)
(0.026262430, -0.030320960, -0.008503583)
(0.026262430, -0.030320960, -0.008503583)
(-0.064283970, -0.057400410, 0.039727350)
(-0.017034470, -0.062670710, 0.057001990)
(-0.049180380, 0.008288763, 0.037462060)
(-0.105033300, 0.015886530, 0.008396464)
(-0.083677140, -0.025688180, 0.049001570)
(0.003115238, -0.052586260, 0.083763350)
(0.003115238, -0.052586260, 0.083763350)
(-0.034328540, 0.014599260, 0.086852320)
(-0.106560300, 0.025143830, 0.086966100)
(-0.124948800, -0.069952710, 0.062038300)
(-0.025619180, -0.055230820, 0.082991680)
(0.007878985, 0.062317020, 0.106845100)
(-0.042026010, 0.089525760, 0.064436340)
(-0.056264930, 0.019409280, 0.018444200)
(-0.016429590, -0.052488970, 0.009356008)
(-0.016429590, -0.052488970, 0.009356008)
(0.062851680, -0.021082820, 0.031957880)
(0.011439640, -0.019888760, 0.036535290)
(0.004076624, -0.040879880, 0.038156790)
(-0.022286840, -0.038675420, 0.025653610)
(0.031979620, 0.054072450, 0.020973410)
(0.021825450, 0.075518120, 0.041572910)
(-0.054202130, 0.060478550, 0.044369850)
(-0.054202130, 0.060478550, 0.044369850)
(-0.011297120, 0.065427460, 0.032311770)
(-0.024305850, 0.010216240, 0.034433760)
(-0.125968200, -0.076076180, 0.041912210)
(-0.152192300, -0.038481870, 0.064376770)
(-0.074844850, 0.114965600, 0.055849220)
(-0.116820800, 0.155940700, 0.032637500)
(-0.159047800, 0.070773750, 0.041217810)
(-0.159047800, 0.070773750, 0.041217810)
(-0.052202620, 0.024077100, 0.058723520)
(0.010541020, 0.028620800, 0.047994620)
(-0.042762880, 0.106833300, 0.053009630)
(0.015464090, 0.123370200, 0.056031600)
(0.089509280, 0.062675200, 0.013498610)
(0.045695630, -0.015110370, -0.020937390)
(0.044045000, -0.089941570, -0.013836700)
(0.044045000, -0.089941570, -0.013836700)
(0.101591000, -0.066841570, -0.045577330)
(0.100023900, -0.026078530, -0.095443520)
(-0.000043567, -0.026534280, -0.117046300)
(0.055566860, -0.030924240, -0.068057020)
(0.142839400, -0.054996840, -0.051642380)
(0.079847910, -0.060223710, -0.069898110)
(-0.007104189, -0.057663330, -0.080814310)
(-0.007104189, -0.057663330, -0.080814310)
(0.029976270, -0.031977720, -0.069975320)
(0.095813510, 0.012501140, -0.064204100)
(0.031955450, 0.004852564, -0.064413870)
(-0.038648380, -0.003817702, -0.062251810)
(0.015265700, -0.037757740, -0.043269640)
(0.044272990, -0.060197650, -0.041732690)
(0.044272990, -0.060197650, -0.041732690)
(-0.035247920, -0.022650940, -0.033664140)
(-0.081933290, 0.017493650, -0.030426040)
(-0.046510030, 0.027204510, -0.019389590)
(-0.020392120, 0.033281520, -0.001870657)
(-0.056239370, 0.031861660, -0.007238439)
(-0.086287020, 0.007126945, -0.014025940)
(-0.076133000, 0.008695161, -0.004088343)
(-0.102022100, 0.000290479, 0.054852230)
(-0.102022100, 0.000290479, 0.054852230)
(-0.122767700, 0.042252240, 0.092895830)
(-0.127246500, 0.049956300, 0.080424440)
(-0.114761200, 0.038164620, 0.050326080)
(-0.122517100, 0.009185921, 0.038888880)
(-0.132324500, -0.018242700, 0.066792550)
(-0.099533670, 0.003120582, 0.083949380)
(-0.099533670, 0.003120582, 0.083949380)
(-0.069727440, 0.036841220, 0.077542700)
(0.013142420, 0.026122680, 0.050062830)
(0.006634093, 0.000005203, 0.020608740)
(-0.037676870, -0.039718540, 0.031706740)
(0.062095680, -0.058163560, 0.070414540)
(0.136835300, -0.039250050, 0.065664190)
(0.132502700, -0.017107140, 0.034559500)
(0.132502700, -0.017107140, 0.034559500)
(0.057426120, 0.013351770, 0.022026320)
(0.034209920, 0.043959950, 0.030636040)
(0.125177400, 0.044540670, 0.032427050)
(0.182620200, -0.031169890, 0.013829600)
(0.167449600, -0.103443000, 0.008021478)
(0.060386440, -0.071477410, 0.018181040)
(-0.009952550, 0.097307380, 0.022328080)
(0.139125600, 0.066645950, -0.025246870)
(0.139125600, 0.066645950, -0.025246870)
(0.215052400, -0.041530950, -0.036838990)
(0.120854800, -0.091700900, -0.035821490)
(0.048851480, -0.073933590, -0.034847940)
(0.043016470, -0.036632000, -0.038269800)
(0.076751010, -0.011822020, -0.021114130)
(0.093364920, 0.042691850, -0.006667595)
(0.093364920, 0.042691850, -0.006667595)
(0.030563870, 0.088088240, 0.023959800)
(-0.009287935, 0.078927610, 0.053114850)
(0.016810800, 0.067684360, 0.087378140)
(0.029499120, 0.064297180, 0.092314530)
(-0.015268170, 0.042452910, 0.071369420)
(-0.035420060, 0.024590300, 0.044086960)
(-0.018863530, 0.016161990, 0.019415510)
(-0.018863530, 0.016161990, 0.019415510)
(-0.031623770, 0.016869800, -0.007195358)
(-0.054627440, 0.015616330, -0.037556770)
(-0.044042700, -0.019019610, -0.053024020)
(-0.050823510, -0.036213300, -0.054812900)
(-0.046096550, -0.038501440, -0.056563740)
(-0.058604740, -0.018398150, -0.060473100)
(-0.045201280, -0.000411309, -0.070699770)
(-0.045201280, -0.000411309, -0.070699770)
(-0.052798800, -0.001872310, -0.056064380)
(-0.048272520, -0.013590760, -0.040018890)
(-0.031015370, -0.016509450, -0.023518290)
(-0.029427070, -0.048592060, -0.023876650)
(-0.011317290, -0.032961430, -0.030916600)
(0.001890766, -0.017554670, -0.033961040)
(0.010281410, -0.008674885, -0.023550870)
(0.010281410, -0.008674885, -0.023550870)
(-0.002394892, -0.024153900, -0.031296160)
(0.020218650, -0.066186650, -0.047031330)
(0.015900120, -0.102490400, -0.058663030)
(0.013338560, -0.095134330, -0.077892600)
(0.029107300, -0.070736040, -0.108545100)
(0.029061090, -0.022783340, -0.135175900)
(0.034282600, -0.024556410, -0.147612200)
(0.034282600, -0.024556410, -0.147612200)
(0.020698910, -0.089466730, -0.114023000)
(0.011578450, -0.139493800, -0.084045850)
(0.023525560, -0.127136400, -0.069947070)
(0.047460910, -0.071101330, -0.068665640)
(-0.013931930, -0.026028690, -0.048569690)
(-0.025147960, -0.025038730, 0.010179990)
(-0.003304164, -0.034443240, 0.044700980)
(0.033134770, -0.028162600, 0.050159500)
(0.033134770, -0.028162600, 0.050159500)
(0.008002171, 0.013226560, 0.048087050)
(-0.039483090, 0.031689070, 0.063534170)
(-0.033549650, 0.007554409, 0.113596500)
(-0.003545732, -0.010085270, 0.118909400)
(0.031489580, 0.021233080, 0.097429570)
(-0.025881510, 0.082318090, 0.076908450)
(-0.025881510, 0.082318090, 0.076908450)
(-0.027583560, 0.143570600, 0.084573900)
(-0.020487670, 0.154011000, 0.108887800)
(-0.008226985, 0.173134100, 0.104602100)
(-0.026732000, 0.151444100, 0.121103500)
(-0.002489449, 0.082130220, 0.116426300)
(0.019495440, 0.014867350, 0.098536830)
(0.028886960, -0.014471090, 0.061520260)
(0.028886960, -0.014471090, 0.061520260)
(0.007856534, -0.013794180, 0.027454680)
(-0.018647180, -0.008341638, 0.010821240)
(-0.041053320, -0.005437439, 0.004724877)
(-0.026389840, -0.010459450, 0.004491288)
(0.035345610, -0.008190740, 0.012484180)
(0.061055000, 0.004100890, 0.010953110)
(0.029439120, 0.009091445, -0.004874542)
(0.029439120, 0.009091445, -0.004874542)
(0.006167506, 0.009801740, -0.011612740)
(0.007612448, -0.008193482, -0.018786310)
(0.012524980, -0.011781410, -0.019381570)
(0.002817842, -0.005139302, -0.014898640)
(-0.000421049, 0.004861182, -0.007050945)
