(-0.015019990, -0.087050360, 0.034278560)
(-0.002765203, -0.114022900, 0.049152010)
(0.036545910, -0.111490000, 0.063315750)
(0.036545910, -0.111490000, 0.063315750)
(0.048484350, -0.150115000, 0.022793700)
(0.031237130, -0.197072400, 0.015184260)
(0.000298015, -0.225418600, 0.016413080)
(-0.021774730, -0.231613700, 0.016494180)
(-0.016050620, -0.219368800, 0.024822670)
(-0.009328933, -0.182144700, 0.042876620)
(-0.009328933, -0.182144700, 0.042876620)
(-0.000259133, -0.161993600, 0.034859900)
(0.003970039, -0.130623300, 0.023212840)
(0.001406475, -0.124630400, 0.053714190)
(0.002117171, -0.107784500, 0.088156420)
(-0.012904300, -0.097328450, 0.118342600)
(-0.014208040, -0.103596300, 0.186768000)
(-0.006673773, -0.113171800, 0.244166400)
(-0.022955450, -0.091353290, 0.294022100)
(-0.022955450, -0.091353290, 0.294022100)
(-0.023161260, -0.069862630, 0.301554600)
(-0.001445630, -0.043954480, 0.272443700)
(0.014045280, -0.031645230, 0.233406400)
(0.027812780, -0.015648570, 0.213357800)
(0.035954450, -0.013206770, 0.206232400)
(0.044880260, -0.048212740, 0.136969900)
(0.044880260, -0.048212740, 0.136969900)
(0.037278920, -0.093800620, 0.084449720)
(0.022637360, -0.120383400, 0.058582900)
(0.030257260, -0.143681000, 0.029867500)
(0.053373620, -0.113469300, -0.031638470)
(0.056117370, -0.052789710, -0.094138610)
(0.055598960, -0.036521090, -0.136558400)
(0.041515490, -0.078035060, -0.118932000)
(0.016037480, -0.121781000, -0.092502950)
(0.016037480, -0.121781000, -0.092502950)
(-0.010907430, -0.105094500, -0.160573900)
(0.015141100, -0.038700650, -0.213022400)
(0.016726960, 0.010096500, -0.216236100)
(-0.018683980, -0.001627684, -0.228496700)
(-0.026768700, -0.004084501, -0.240697200)
(-0.014241890, -0.012160050, -0.228527500)
(-0.014241890, -0.012160050, -0.228527500)
(0.008606986, -0.007763091, -0.221958000)
(-0.016913490, -0.032433520, -0.229853600)
(-0.052027090, -0.028247930, -0.233064900)
(-0.061616820, -0.043581370, -0.240546300)
(-0.044957980, -0.045018200, -0.228794900)
(-0.015050720, -0.028245500, -0.247419700)
(0.007864666, 0.022112870, -0.295115800)
(0.007864666, 0.022112870, -0.295115800)
(0.021251800, 0.059576090, -0.285039300)
(0.021400710, 0.044117200, -0.265622500)
(0.022945070, 0.031672120, -0.264288300)
(-0.012422450, 0.059119020, -0.276980300)
(-0.047593120, 0.083085920, -0.253467400)
(-0.020200630, 0.090353530, -0.188618100)
(0.000388587, 0.095181980, -0.136898400)
(0.001940405, 0.067345790, -0.131133600)
(0.001940405, 0.067345790, -0.131133600)
(-0.016367820, 0.068154990, -0.188872800)
(-0.045398000, 0.095448050, -0.181362700)
(-0.072755450, 0.147197900, -0.188029800)
(-0.063802880, 0.204598300, -0.200748200)
(0.003919994, 0.205952200, -0.224152500)
(0.110169400, 0.219935200, -0.154243700)
(0.110169400, 0.219935200, -0.154243700)
(0.141906800, 0.297081000, -0.051814400)
(0.119222700, 0.353152900, 0.027193210)
(0.090948110, 0.265391700, 0.037915200)
(0.085130530, 0.147304800, -0.009842576)
(0.039853270, 0.044592750, -0.044366810)
(-0.047639890, -0.024984300, -0.050463280)
(-0.081952490, -0.150366200, -0.125686900)
(-0.081952490, -0.150366200, -0.125686900)
(-0.024977970, -0.182451100, -0.192766000)
(0.014812910, -0.103400200, -0.193543900)
(-0.035533550, -0.020221400, -0.103968500)
(-0.088095290, 0.020331770, -0.060843140)
(-0.085305990, 0.070341600, -0.077113370)
(-0.039000320, 0.102712300, -0.136374000)
(-0.009980124, 0.057880580, -0.153496100)
(-0.052343620, 0.037254240, -0.174490600)
(-0.052343620, 0.037254240, -0.174490600)
(-0.113587500, 0.016038090, -0.222079600)
(-0.072313920, 0.012288220, -0.181024500)
(-0.005148680, 0.091119070, -0.150627200)
(0.047326200, 0.132731400, -0.242240000)
(0.018688300, 0.121207800, -0.268415800)
(-0.045548320, -0.013081470, -0.346383700)
(-0.023835630, -0.064327320, -0.259842600)
(-0.023835630, -0.064327320, -0.259842600)
(0.008122786, 0.045670540, -0.203012700)
(0.018462050, 0.198027500, -0.239367900)
(-0.060140400, 0.080633920, -0.262971100)
(-0.060198030, -0.135438200, -0.267209700)
(0.046078000, -0.066718740, -0.211864900)
(0.124672400, 0.173712000, -0.154522100)
(0.124672400, 0.173712000, -0.154522100)
(0.058479580, 0.220461400, -0.139528600)
(-0.058014190, -0.074182600, -0.216296500)
(-0.078499880, -0.209354300, -0.217154800)
(-0.060899530, -0.066501780, -0.202703400)
(-0.063395840, 0.222913200, -0.126922000)
(0.011964610, 0.342249600, 0.015730400)
(0.027417710, 0.107531400, -0.128761300)
(0.027417710, 0.107531400, -0.128761300)
(-0.027892570, -0.186085500, -0.181526400)
(0.014667700, -0.158784600, -0.079272740)
(0.023766710, 0.091600000, -0.041904140)
(0.019873890, 0.020241630, 0.010053960)
(0.020856720, -0.205353200, -0.026101000)
(0.034333360, -0.277609300, -0.049484310)
(-0.031713740, -0.207280400, -0.057717300)
(-0.031713740, -0.207280400, -0.057717300)
(-0.043525700, -0.128190800, -0.012339280)
(0.017592560, -0.074122990, 0.039620180)
(0.117486600, -0.109899700, 0.090133750)
(0.134477800, -0.159745500, 0.129247600)
(0.009382016, -0.223513900, 0.068835920)
(-0.109530200, -0.251038700, 0.105850400)
(-0.117027700, -0.259732200, 0.159679900)
(-0.117027700, -0.259732200, 0.159679900)
(-0.002424771, -0.259112200, 0.116137100)
(0.149042500, -0.205207400, 0.111646300)
(0.150517000, -0.153243600, 0.153711600)
(0.013507360, -0.190621700, 0.100591200)
(-0.120050400, -0.251279500, 0.070133300)
(-0.146035400, -0.293119300, 0.055385590)
(-0.080904060, -0.309910200, 0.064047150)
(-0.080904060, -0.309910200, 0.064047150)
(0.013587960, -0.280572900, 0.059601860)
(0.121729500, -0.280125000, 0.063975090)
(0.159808000, -0.203200000, 0.018171810)
(0.092607100, -0.119151600, 0.041742120)
(-0.021166330, -0.078063100, 0.042365000)
(-0.091019570, -0.087932830, 0.061444220)
(-0.121347100, -0.129401600, 0.069749170)
(-0.121347100, -0.129401600, 0.069749170)
(-0.097841420, -0.152175900, 0.074820150)
(-0.048587280, -0.120630700, 0.082694790)
(0.023997360, -0.056847820, 0.058858690)
(0.102618200, -0.130734400, 0.087788230)
(0.032900830, -0.101168700, 0.057195560)
(0.005311011, -0.104628700, 0.062473100)
(-0.017256220, -0.136987200, 0.031149610)
(-0.000374142, -0.167719100, -0.005625975)
(-0.000374142, -0.167719100, -0.005625975)
(0.012239380, -0.150730700, -0.038197250)
(-0.014251260, -0.113603000, -0.049082280)
(-0.033067770, -0.069699950, -0.040250150)
(-0.022988080, -0.027587320, -0.026948610)
(-0.019711240, -0.011326200, 0.004760762)
(-0.019711240, -0.011326200, 0.004760762)
(0.011028910, 0.008977155, 0.023250570)
(0.030803460, 0.037212120, 0.028383980)
(0.026222710, 0.067973990, 0.015958450)
(0.009289946, 0.092472310, 0.026483570)
(-0.017965250, 0.087410790, 0.018369320)
(-0.018317020, 0.068644310, 0.010346670)
(-0.012495430, 0.039481220, -0.000371389)
(-0.022081070, 0.025825930, -0.001638916)
(-0.022081070, 0.025825930, -0.001638916)
(-0.029800080, 0.020982100, 0.001162499)
(-0.032883510, 0.004291165, -0.013787490)
(-0.023379750, -0.008775889, -0.021828120)
(-0.013914030, -0.006354956, -0.020125900)
(-0.005133218, -0.019741300, -0.016875690)
(0.010392450, -0.004122890, -0.004337637)
(-0.026489830, 0.030218010, -0.003850718)
(-0.026489830, 0.030218010, -0.003850718)
(0.001574246, -0.001604265, -0.017964570)
(0.017418840, -0.007281666, -0.004111147)
(0.018729710, 0.005422052, 0.003329275)
(-0.016126340, -0.000450634, 0.008237854)
(-0.015371360, 0.009891661, 0.004943685)
(-0.011376490, 0.011869940, -0.002334820)
(0.005479377, 0.001810582, -0.005926470)
(0.005479377, 0.001810582, -0.005926470)
(0.025220010, -0.001126141, -0.004797133)
(0.001871247, -0.001261339, 0.002208593)
(-0.003978030, 0.007775805, 0.005994835)
(-0.000056221, 0.007842517, -0.005805202)
(0.005548180, 0.003377553, -0.010744320)
(0.004050960, -0.002931587, -0.006266643)
(-0.011705220, -0.009956762, -0.004776127)
(-0.011705220, -0.009956762, -0.004776127)
(-0.021482380, -0.016388850, 0.006263142)
(-0.011184160, -0.011865710, 0.000964308)
(-0.009156144, -0.001983464, -0.001801125)
(-0.008128385, -0.000431561, -0.001168723)
(-0.008160436, -0.001180581, -0.004109299)
(0.004132443, 0.003398321, -0.006490993)
(0.006031349, -0.003324966, -0.001511229)
(0.006031349, -0.003324966, -0.001511229)
(0.007375774, 0.001284417, 0.001888648)
(0.006340747, 0.008033196, -0.003057857)
(0.004142563, 0.018670290, -0.001464940)
(0.000269887, 0.016333610, 0.001009237)
(-0.004560286, 0.012674450, 0.010278110)
(-0.003199024, -0.002974030, -0.003819696)
