(0.006944172, 0.001096820, -0.003070086)
(0.007259205, 0.000392782, -0.003408670)
(0.007777940, -0.000604916, -0.003348529)
(0.008612067, -0.001451526, -0.003136516)
(0.008612067, -0.001451526, -0.003136516)
(0.009896591, -0.002078854, -0.002972543)
(0.011187000, -0.002467711, -0.002669036)
(0.011252130, -0.002497183, -0.002245307)
(0.011033020, -0.002368022, -0.001591980)
(0.011129770, -0.002103098, -0.000774115)
(0.011702080, -0.002142662, 0.000452519)
(0.012717790, -0.002336182, 0.001809180)
(0.012717790, -0.002336182, 0.001809180)
(0.013508380, -0.002203891, 0.003126204)
(0.014077350, -0.001582303, 0.004066199)
(0.014278240, -0.000774564, 0.004430503)
(0.014170980, 0.000036836, 0.004116118)
(0.013492340, 0.001146645, 0.003136486)
(0.012202140, 0.002813630, 0.001511455)
(0.010544490, 0.004914465, -0.000277162)
(0.010544490, 0.004914465, -0.000277162)
(0.008459341, 0.007245219, -0.001948744)
(0.006358676, 0.009743183, -0.003404230)
(0.004556455, 0.012715100, -0.004880786)
(0.002950475, 0.016487980, -0.006599009)
(0.001768827, 0.020852740, -0.008462518)
(0.000689112, 0.025652340, -0.010149390)
(-0.000964362, 0.030681500, -0.011254880)
(-0.000964362, 0.030681500, -0.011254880)
(-0.003571272, 0.035634330, -0.011890440)
(-0.006491508, 0.040089530, -0.012219610)
(-0.009841781, 0.044010840, -0.012484250)
(-0.014100940, 0.047389310, -0.012143160)
(-0.020258250, 0.050096040, -0.010884430)
(-0.029153210, 0.052550390, -0.009233534)
(-0.040733770, 0.055610020, -0.007625997)
(-0.040733770, 0.055610020, -0.007625997)
(-0.053653870, 0.059801670, -0.006697863)
(-0.067303430, 0.065478850, -0.006313831)
(-0.080875110, 0.071884410, -0.006164998)
(-0.094504930, 0.077752460, -0.005543947)
(-0.108486800, 0.083304880, -0.004235506)
(-0.123227800, 0.090071780, -0.003116965)
(-0.137949300, 0.098092690, -0.002599716)
(-0.137949300, 0.098092690, -0.002599716)
(-0.152525300, 0.106338600, -0.001788825)
(-0.168066700, 0.114130900, -0.000376731)
(-0.184565500, 0.120997700, 0.000705123)
(-0.201930600, 0.127954600, 0.002514482)
(-0.219874100, 0.135013100, 0.003199339)
(-0.237597500, 0.142212200, 0.002531826)
(-0.254562000, 0.149280600, 0.001188695)
(-0.254562000, 0.149280600, 0.001188695)
(-0.271226700, 0.155396400, -0.000496686)
(-0.289082500, 0.160249900, -0.002943397)
(-0.308465700, 0.164785200, -0.006647468)
(-0.327992700, 0.170436800, -0.011304560)
(-0.346255600, 0.177160500, -0.016189870)
(-0.363509900, 0.183855100, -0.021376370)
(-0.380249800, 0.190552100, -0.026915280)
(-0.380249800, 0.190552100, -0.026915280)
(-0.395981200, 0.198088200, -0.032770570)
(-0.410792600, 0.205911100, -0.039405730)
(-0.424570700, 0.212928100, -0.046440930)
(-0.436736300, 0.219016200, -0.052424010)
(-0.448409900, 0.224618900, -0.056787430)
(-0.459669500, 0.230465900, -0.060084760)
(-0.469750700, 0.236503000, -0.062755320)
(-0.469750700, 0.236503000, -0.062755320)
(-0.477501400, 0.242136100, -0.064010230)
(-0.483483500, 0.246157000, -0.063497420)
(-0.489500100, 0.249108500, -0.061491430)
(-0.496013400, 0.252880300, -0.058333580)
(-0.502943800, 0.258310800, -0.054837200)
(-0.509859100, 0.264643200, -0.051479520)
(-0.515735000, 0.271105900, -0.048487010)
(-0.515735000, 0.271105900, -0.048487010)
(-0.520860400, 0.278412800, -0.046581420)
(-0.526074500, 0.287537200, -0.046369910)
(-0.531251600, 0.297494800, -0.047441150)
(-0.535402500, 0.306025600, -0.048355040)
(-0.537814100, 0.311422800, -0.048251000)
(-0.539499700, 0.314029200, -0.048072070)
(-0.541724900, 0.316085600, -0.049228610)
(-0.541724900, 0.316085600, -0.049228610)
(-0.544716700, 0.318256700, -0.051564400)
(-0.547101300, 0.319994400, -0.053555940)
(-0.546850800, 0.320821200, -0.052688660)
(-0.543486500, 0.320538500, -0.048696700)
(-0.538095400, 0.320330900, -0.042908190)
(-0.530948300, 0.320698300, -0.035461370)
(-0.522561300, 0.320570600, -0.026986780)
(-0.522561300, 0.320570600, -0.026986780)
(-0.513820800, 0.320064200, -0.019480650)
(-0.504382700, 0.320177400, -0.013901980)
(-0.495395300, 0.318913500, -0.012155440)
(-0.483912600, 0.318059300, -0.007334441)
(-0.471620100, 0.314142800, -0.001932144)
(-0.458434200, 0.308615600, 0.003845453)
(-0.444118600, 0.303425300, 0.010424200)
(-0.444118600, 0.303425300, 0.010424200)
(-0.428437800, 0.298677600, 0.018571140)
(-0.412892000, 0.293461300, 0.026752860)
(-0.397730100, 0.287322900, 0.034030470)
(-0.381612500, 0.280004000, 0.041274850)
(-0.364627300, 0.272627100, 0.047671290)
(-0.346231700, 0.265995100, 0.053233210)
(-0.327571500, 0.259260900, 0.059741020)
(-0.327571500, 0.259260900, 0.059741020)
(-0.311182100, 0.251058300, 0.067888140)
(-0.295503900, 0.241925900, 0.075988950)
(-0.277869000, 0.233870100, 0.081425880)
(-0.258296500, 0.227168900, 0.085622490)
(-0.239307700, 0.219622400, 0.091440620)
(-0.222581700, 0.210279300, 0.098450540)
(-0.206916700, 0.201523500, 0.103804200)
(-0.206916700, 0.201523500, 0.103804200)
(-0.190172600, 0.193434100, 0.108263400)
(-0.173936900, 0.184077300, 0.112675900)
(-0.160204600, 0.174288100, 0.116143600)
(-0.148811100, 0.166028500, 0.116781600)
(-0.136351400, 0.158818500, 0.116027000)
(-0.122946100, 0.150772000, 0.116466400)
(-0.122946100, 0.150772000, 0.116466400)
(-0.109773700, 0.142089900, 0.119160200)
(-0.098544690, 0.134297500, 0.122295600)
(-0.088801470, 0.127748400, 0.124600400)
(-0.079671790, 0.121854700, 0.125727700)
(-0.071972960, 0.116078600, 0.125697500)
(-0.066178630, 0.110051800, 0.124681700)
(-0.061800550, 0.103775000, 0.123485900)
(-0.056733560, 0.097090680, 0.122261400)
(-0.056733560, 0.097090680, 0.122261400)
(-0.050273310, 0.089894450, 0.121249900)
(-0.043173430, 0.082102130, 0.120453700)
(-0.036862930, 0.074435680, 0.119734500)
(-0.032573670, 0.068029710, 0.118549400)
(-0.028669600, 0.062745500, 0.117304500)
(-0.022746180, 0.057097620, 0.117476700)
(-0.014512610, 0.050619650, 0.119689400)
(-0.014512610, 0.050619650, 0.119689400)
(-0.006476086, 0.044271400, 0.123372600)
(0.000193682, 0.039445690, 0.126277600)
(0.006330680, 0.036762540, 0.127729400)
(0.012710310, 0.035421540, 0.126566000)
(0.019455890, 0.034403130, 0.124554300)
(0.025453540, 0.033321310, 0.122373800)
(0.025453540, 0.033321310, 0.122373800)
(0.029331720, 0.032024610, 0.120099800)
(0.031056600, 0.029921740, 0.117495600)
(0.031609080, 0.026660190, 0.114537800)
(0.032030220, 0.022629530, 0.111542600)
(0.032375910, 0.018158980, 0.108714300)
(0.032465180, 0.013606440, 0.106218600)
(0.032532710, 0.009382951, 0.104005300)
(0.033083900, 0.005692231, 0.102031400)
(0.033083900, 0.005692231, 0.102031400)
(0.033864690, 0.003098111, 0.100222200)
(0.035030120, 0.001816357, 0.098402800)
(0.036597870, 0.001543428, 0.096589620)
(0.038032930, 0.002040163, 0.095369990)
(0.038502470, 0.002962855, 0.095187840)
(0.038627330, 0.003399103, 0.095857020)
(0.038627330, 0.003399103, 0.095857020)
(0.037480240, 0.003642243, 0.097187220)
(0.034939280, 0.003876535, 0.098662850)
(0.032329230, 0.003566344, 0.100182000)
(0.030369800, 0.002609386, 0.101643600)
(0.029193750, 0.001090123, 0.102876600)
(0.028723760, -0.000687467, 0.103748900)
(0.028930310, -0.002346595, 0.104109600)
(0.029573800, -0.003425446, 0.103868900)
(0.029573800, -0.003425446, 0.103868900)
(0.030466300, -0.003781064, 0.103247900)
(0.031684250, -0.003481396, 0.102538300)
(0.033235200, -0.002571087, 0.101677000)
(0.034779570, -0.001149529, 0.100508700)
(0.035672350, 0.000856465, 0.099019590)
(0.035968710, 0.003220370, 0.097376760)
(0.036002550, 0.005397215, 0.095955430)
(0.036002550, 0.005397215, 0.095955430)
(0.035609810, 0.007334870, 0.094911400)
(0.034791500, 0.008987875, 0.094241740)
(0.033947810, 0.010065930, 0.093725200)
(0.033322250, 0.010451270, 0.093217190)
(0.032855390, 0.010248940, 0.092074040)
(0.032528740, 0.009659757, 0.091031730)
(0.032528740, 0.009659757, 0.091031730)
(0.032574690, 0.008944160, 0.089917300)
(0.033149290, 0.008327503, 0.088715610)
(0.034168880, 0.007996334, 0.088815570)
(0.035332700, 0.007789023, 0.087610600)
(0.036362710, 0.007602034, 0.086491640)
(0.037202960, 0.007294590, 0.085417510)
(0.037725830, 0.006966665, 0.084302190)
(0.037725830, 0.006966665, 0.084302190)
(0.037875660, 0.006752198, 0.083105440)
(0.037486430, 0.006636255, 0.081885810)
(0.036664610, 0.006274945, 0.080656050)
(0.035440730, 0.005657783, 0.079384860)
(0.034003120, 0.004928484, 0.078147230)
