(0.006099731, -0.002833051, 0.001388211)
(0.006099731, -0.002833051, 0.001388211)
(0.011156340, 0.007621309, 0.005530186)
(0.014042460, -0.008585344, 0.017839510)
(0.012491650, -0.060365730, 0.010201970)
(0.008273832, -0.134089800, -0.005318283)
(-0.000591347, -0.153413400, 0.075552230)
(-0.009930778, -0.150350100, 0.065303300)
(0.011097180, -0.151361200, 0.008998039)
(0.011097180, -0.151361200, 0.008998039)
(0.020563720, -0.180329000, 0.046046790)
(0.010570710, -0.216555000, 0.072493110)
(0.007039485, -0.235670300, 0.066111040)
(-0.016184950, -0.228277300, 0.057131960)
(-0.025390530, -0.188465500, 0.065722630)
(-0.014131920, -0.157432500, 0.118105700)
(-0.014131920, -0.157432500, 0.118105700)
(0.000237969, -0.160099700, 0.199644200)
(0.000237969, -0.160099700, 0.199644200)
(0.029596450, -0.171659000, 0.208849000)
(0.030998460, -0.139200300, 0.238691100)
(0.011814040, -0.136268500, 0.244877300)
(0.011230670, -0.130398500, 0.224219700)
(0.017973660, -0.123756100, 0.155302300)
(0.017973660, -0.123756100, 0.155302300)
(0.013773760, -0.142616100, 0.148342600)
(0.003166012, -0.191422400, 0.103488800)
(-0.037234480, -0.232027900, 0.097478780)
(-0.028995830, -0.263179800, 0.095503770)
(0.037202010, -0.254551600, 0.080074250)
(0.100568800, -0.199230100, 0.045773230)
(0.095023330, -0.136210500, -0.001969266)
(0.095023330, -0.136210500, -0.001969266)
(0.065020020, -0.080114030, -0.026648310)
(0.035884900, -0.043313500, -0.039212610)
(0.040662880, -0.054352910, -0.098421590)
(0.079175290, -0.073572080, -0.192559700)
(0.098269250, -0.048989510, -0.242142800)
(0.090650900, 0.026530340, -0.222518300)
(0.057178460, 0.093124510, -0.157608600)
(-0.036209330, 0.105907700, -0.182179900)
(-0.036209330, 0.105907700, -0.182179900)
(-0.087459800, 0.071120220, -0.188254000)
(-0.058332690, 0.028219970, -0.193994500)
(-0.027209440, 0.011121490, -0.168815400)
(-0.005545861, 0.014351620, -0.188761900)
(0.007302595, 0.012249270, -0.200867000)
(0.014670040, -0.008937065, -0.227518100)
(0.014670040, -0.008937065, -0.227518100)
(0.036718450, -0.006629085, -0.269053700)
(0.039155490, 0.017145360, -0.321997600)
(0.002637525, 0.014212170, -0.283260600)
(-0.044271900, 0.023785040, -0.260296500)
(-0.030828210, 0.014433990, -0.287122000)
(-0.029922910, 0.062791880, -0.323541600)
(-0.017027230, 0.089804860, -0.244478000)
(-0.017027230, 0.089804860, -0.244478000)
(-0.037707820, 0.076901550, -0.188523100)
(-0.070960710, 0.052543040, -0.177457800)
(-0.105465500, 0.020173650, -0.162598600)
(-0.122722700, 0.019173940, -0.214914100)
(-0.119832200, 0.093756030, -0.157384000)
(-0.091192980, 0.160365700, -0.096247520)
(-0.055030210, 0.131428900, -0.094759830)
(-0.055030210, 0.131428900, -0.094759830)
(-0.049631890, 0.016831340, -0.126126200)
(-0.055423720, -0.016284230, -0.145072100)
(-0.041181640, 0.144666500, -0.073027050)
(-0.016221290, 0.258876300, -0.028493530)
(0.003612506, 0.170965500, 0.017040670)
(-0.000904420, 0.037917760, -0.083012460)
(-0.025240420, 0.008973241, -0.205317100)
(-0.025240420, 0.008973241, -0.205317100)
(-0.018038670, 0.124818200, -0.166881100)
(0.007164958, 0.145183400, -0.170887000)
(0.075662980, 0.037956660, -0.176659300)
(0.129697700, -0.020004440, -0.159095300)
(0.119273800, 0.044869510, -0.099352260)
(0.084820520, 0.119988800, -0.073093090)
(0.031905970, 0.088070440, -0.060330910)
(0.031905970, 0.088070440, -0.060330910)
(0.014748350, 0.035386980, -0.138457500)
(0.031305590, 0.056815420, -0.157000200)
(0.054207810, 0.154927500, -0.173023300)
(0.046430360, 0.222656200, -0.162497600)
(0.004945982, 0.214807600, -0.153504400)
(-0.061537500, 0.168422600, -0.154269100)
(-0.100494500, 0.093753700, -0.201816300)
(-0.100494500, 0.093753700, -0.201816300)
(-0.067282920, 0.127020500, -0.268939800)
(-0.036182910, 0.120552800, -0.284128400)
(-0.051198400, 0.033517300, -0.248787700)
(-0.032076590, -0.011672930, -0.299895900)
(-0.002899636, 0.034366470, -0.345582700)
(-0.048352300, 0.004653206, -0.331667400)
(-0.054265430, -0.072272750, -0.329366200)
(-0.054265430, -0.072272750, -0.329366200)
(0.019739930, -0.105316300, -0.335702400)
(0.047839840, -0.052639360, -0.280847500)
(-0.005763058, -0.018353660, -0.206049300)
(-0.025549140, -0.032473440, -0.189973800)
(0.015107240, -0.048689980, -0.160224600)
(0.012939550, -0.129505600, -0.151452400)
(-0.027324480, -0.176647000, -0.148712300)
(-0.027324480, -0.176647000, -0.148712300)
(-0.033156900, -0.167280600, -0.140743700)
(-0.002261280, -0.124290900, -0.091914020)
(0.026575930, -0.097361390, -0.008953110)
(-0.054796930, -0.182869800, -0.036333110)
(-0.121412800, -0.205835200, -0.070296870)
(-0.082552810, -0.162318200, -0.082789210)
(0.034508910, -0.072891440, -0.045739390)
(0.034508910, -0.072891440, -0.045739390)
(0.083038810, 0.007090088, 0.056939320)
(0.020247570, 0.040962540, 0.038892280)
(-0.005847915, -0.017382930, 0.012103550)
(0.027937970, -0.053632190, -0.019955810)
(0.123017100, -0.047407530, 0.028986720)
(0.117694100, 0.007422018, 0.108657600)
(0.032168580, 0.041068120, 0.140790800)
(0.032168580, 0.041068120, 0.140790800)
(-0.018758230, 0.002107358, 0.168040900)
(-0.016511830, -0.077958950, 0.134925600)
(0.048941750, -0.163209600, 0.064426030)
(0.082193640, -0.163684600, 0.036739220)
(0.070517080, -0.141601700, 0.074652600)
(-0.006797512, -0.173384900, 0.080263010)
(-0.125086500, -0.297071200, 0.070591240)
(-0.125086500, -0.297071200, 0.070591240)
(-0.177147700, -0.403738800, 0.044587200)
(-0.090243290, -0.438366200, 0.011333730)
(0.026354810, -0.348309400, 0.011412800)
(0.083626450, -0.257543100, 0.043885950)
(0.052413780, -0.218962300, 0.091595380)
(0.040479830, -0.208958500, 0.122112400)
(0.040479830, -0.208958500, 0.122112400)
(0.056896910, -0.198602600, 0.139687900)
(0.051725780, -0.181050500, 0.187293900)
(0.020039290, -0.160888200, 0.204921800)
(-0.012106780, -0.136487400, 0.191016600)
(-0.037013650, -0.117177800, 0.149923100)
(-0.054812260, -0.123700700, 0.113430900)
(-0.052609490, -0.117659200, 0.111852800)
(-0.038820660, -0.098934440, 0.130873700)
(-0.038820660, -0.098934440, 0.130873700)
(-0.031154090, -0.082694120, 0.145098800)
(-0.032549430, -0.070210050, 0.140931100)
(-0.045511960, -0.054397630, 0.136465200)
(-0.040333410, -0.024787050, 0.110153700)
(-0.029885910, -0.027872910, 0.027951620)
(-0.026109970, -0.065021440, -0.069126690)
(-0.026109970, -0.065021440, -0.069126690)
(-0.012939880, -0.139157100, -0.082514290)
(0.000717752, -0.204183200, -0.122906000)
(0.036469170, -0.155829200, -0.143128700)
(0.077644870, -0.041486390, -0.110450300)
(0.109796600, 0.040422260, -0.059248950)
(0.109593300, 0.083618750, -0.000475444)
(0.070232400, 0.085952920, 0.027921760)
(0.002826517, 0.074406970, 0.028446030)
(0.002826517, 0.074406970, 0.028446030)
(-0.039705330, 0.052824690, 0.010978880)
(-0.037145890, 0.023218880, 0.004755413)
(-0.016713030, 0.004880492, 0.016551460)
(-0.014476880, 0.015986160, 0.009665548)
(-0.009136019, 0.009730837, -0.001218611)
(-0.024588710, 0.007474338, -0.006407360)
(-0.028567840, 0.018887610, -0.012077970)
(-0.028567840, 0.018887610, -0.012077970)
(-0.026429350, 0.040270700, -0.020922360)
(-0.012594910, 0.029888670, -0.010344920)
(-0.006955011, 0.028607510, -0.002992410)
(-0.000826965, 0.028704810, -0.003706694)
(-0.002432971, 0.028928400, -0.004656220)
(-0.010587140, 0.022414380, -0.001942329)
(-0.010587140, 0.022414380, -0.001942329)
(-0.022189430, 0.006599160, -0.006021287)
(-0.021274990, -0.005176490, -0.003529217)
(-0.017907440, -0.007673310, -0.005186707)
(-0.017418690, -0.009386918, -0.001990174)
(-0.020633020, -0.010543060, 0.002642318)
(-0.020424220, -0.004087391, 0.001442086)
(-0.017145640, 0.000574002, 0.000270057)
(-0.012358280, 0.003844059, 0.001507923)
(-0.012358280, 0.003844059, 0.001507923)
(-0.008569763, -0.001828670, -0.000585529)
(0.002595660, -0.004311110, -0.005205378)
(0.011674000, -0.005698382, -0.005193417)
(0.019892920, -0.003001572, -0.009663214)
(0.024518870, -0.005661838, -0.011613710)
(0.019324850, -0.019242020, -0.006840890)
(0.019324850, -0.019242020, -0.006840890)
(0.003678987, -0.022483740, -0.003450252)
(-0.008392700, -0.018969310, -0.001833800)
(-0.006860528, -0.011874560, -0.005955256)
(0.005151035, -0.016963330, -0.010428750)
(0.008525314, -0.017109950, -0.007928801)
(0.009458716, -0.005121251, 0.002263441)
(0.011940450, 0.007206621, 0.005908966)
(0.005789808, 0.003282288, 0.005645035)
(0.005789808, 0.003282288, 0.005645035)
