(0.009048490, -0.461260300, -0.109056000)
(0.009048490, -0.461260300, -0.109056000)
(-0.021636160, -0.397948200, -0.032233440)
(-0.041518880, -0.342502400, 0.007769801)
(-0.031527220, -0.307693000, 0.034928460)
(-0.005833325, -0.281718400, 0.093910750)
(0.013102750, -0.240901500, 0.152255600)
(0.023233310, -0.181062700, 0.180671200)
(0.035694170, -0.111145000, 0.222057000)
(0.035694170, -0.111145000, 0.222057000)
(0.049139350, -0.106125700, 0.252214400)
(0.096841640, -0.144504000, 0.218424900)
(0.100738700, -0.066737320, 0.164670400)
(0.041950830, -0.009445525, 0.122243100)
(-0.027347830, -0.055058590, 0.122180800)
(-0.032132270, -0.110065100, 0.090862430)
(-0.032132270, -0.110065100, 0.090862430)
(0.094589730, -0.024151230, -0.120587200)
(0.094589730, -0.024151230, -0.120587200)
(0.096290740, 0.034088000, -0.166565000)
(0.025825880, 0.044159750, -0.103576500)
(-0.037880310, 0.021628670, -0.122198700)
(-0.047315300, 0.037157090, -0.238620100)
(-0.025999510, 0.022153370, -0.238050000)
(-0.022700480, -0.006808556, -0.233606700)
(-0.022700480, -0.006808556, -0.233606700)
(-0.052276400, 0.030903570, -0.252042400)
(-0.081207380, 0.084101280, -0.300145000)
(-0.041585810, 0.135762700, -0.384608500)
(0.007163112, 0.189518500, -0.425117000)
(0.018730240, 0.231145900, -0.343740400)
(0.027467230, 0.262577100, -0.248269900)
(0.029164300, 0.278610800, -0.222897000)
(0.029164300, 0.278610800, -0.222897000)
(0.021488210, 0.294987200, -0.302150600)
(0.014453770, 0.334010500, -0.381371000)
(-0.006586612, 0.414060100, -0.306993000)
(0.019167410, 0.337236600, -0.159689700)
(0.054020360, 0.222566800, -0.118692400)
(0.075877330, 0.125567700, -0.124071300)
(0.095125390, 0.074260210, -0.080052810)
(0.095125390, 0.074260210, -0.080052810)
(0.073993020, 0.053763890, -0.089256410)
(0.015323620, 0.070045870, -0.118162800)
(-0.030429850, 0.063083720, -0.122075900)
(-0.037746010, 0.054037830, -0.098211430)
(-0.014193650, 0.056103960, -0.076446600)
(0.030420010, 0.071072810, -0.093874220)
(0.028527800, 0.090923010, -0.071082500)
(-0.012752900, 0.062254190, -0.019576370)
(-0.012752900, 0.062254190, -0.019576370)
(-0.042249940, -0.011689170, -0.006968601)
(-0.033913040, -0.082469850, -0.073744450)
(-0.016370430, -0.123398100, -0.090788460)
(-0.009953488, -0.130827500, -0.047143340)
(-0.013177100, -0.137212800, -0.053474820)
(-0.015018290, -0.140458000, -0.087007340)
(-0.015018290, -0.140458000, -0.087007340)
(-0.029875320, -0.092905310, -0.101316100)
(-0.049947530, -0.019663390, -0.084591810)
(-0.057184800, 0.013525310, -0.060322030)
(-0.045288180, 0.015882790, -0.071156130)
(-0.023754270, 0.039009950, -0.103142200)
(-0.019047810, 0.084526740, -0.094578040)
(-0.005524541, 0.133699800, -0.077626250)
(-0.005524541, 0.133699800, -0.077626250)
(0.037367220, 0.162903900, -0.067212950)
(0.042877140, 0.145934400, -0.089659380)
(0.018800730, 0.093290700, -0.137249900)
(0.026404950, 0.082230430, -0.199852200)
(0.055907230, 0.099926500, -0.224265600)
(0.074956560, 0.173497100, -0.243593700)
(0.031031550, 0.245307700, -0.162989100)
(-0.023064070, 0.214280200, -0.155481900)
(-0.023064070, 0.214280200, -0.155481900)
(0.027910340, 0.103037300, -0.271776500)
(0.056746890, 0.055847420, -0.368686300)
(0.034755830, 0.100261400, -0.328073700)
(-0.058835170, 0.147302500, -0.204412800)
(-0.071257230, 0.058949620, -0.177349000)
(-0.071257230, 0.058949620, -0.177349000)
(0.015423490, 0.006799755, -0.238189100)
(0.055431290, 0.070327600, -0.222234900)
(-0.011989570, 0.157645700, -0.125762100)
(-0.102010400, 0.081942820, -0.052925710)
(-0.005892719, -0.059111880, -0.134355700)
(0.029413660, -0.145485900, -0.167463500)
(-0.000052933, 0.000330351, -0.179580800)
(-0.063161300, 0.145380200, -0.001822422)
(-0.063161300, 0.145380200, -0.001822422)
(-0.086998220, 0.002690066, 0.104243200)
(-0.066339040, -0.216220400, -0.002004956)
(-0.041054040, -0.291376200, -0.110272000)
(-0.059325430, -0.161457200, -0.065557110)
(-0.051599490, -0.008813560, 0.081634100)
(0.108772500, 0.005874637, 0.193346500)
(0.175232400, -0.116977400, 0.163916100)
(0.175232400, -0.116977400, 0.163916100)
(0.074421500, -0.146266700, 0.050265490)
(-0.105698800, -0.087299850, 0.022780080)
(-0.183494700, -0.056050400, 0.076549410)
