(0.002697073, -0.006304968, -0.009519964)
(0.000188053, -0.004720341, -0.009853929)
(0.000188053, -0.004720341, -0.009853929)
(-0.003589794, -0.002299258, -0.010215190)
(-0.007749211, 0.000982067, -0.010804210)
(-0.011282590, 0.004797038, -0.011693570)
(-0.014204520, 0.008782413, -0.012733340)
(-0.018083610, 0.013327660, -0.014036890)
(-0.023884800, 0.018737060, -0.015290080)
(-0.031165060, 0.025007080, -0.015909910)
(-0.031165060, 0.025007080, -0.015909910)
(-0.039546240, 0.032018100, -0.015807120)
(-0.048458760, 0.039310140, -0.015474050)
(-0.058342000, 0.046951190, -0.015329900)
(-0.069876570, 0.055226950, -0.015715960)
(-0.082772820, 0.063778480, -0.016373840)
(-0.097150590, 0.071641920, -0.017728540)
(-0.097150590, 0.071641920, -0.017728540)
(-0.112382400, 0.078035880, -0.018534960)
(-0.127662700, 0.083353830, -0.019906640)
(-0.142855200, 0.088313280, -0.021987290)
(-0.159501700, 0.093739970, -0.024816870)
(-0.176934700, 0.099592060, -0.027903320)
(-0.194409300, 0.105895200, -0.030930070)
(-0.211984200, 0.112602800, -0.033421700)
(-0.211984200, 0.112602800, -0.033421700)
(-0.229730700, 0.119491700, -0.035060470)
(-0.247230500, 0.126707100, -0.035906230)
(-0.265141300, 0.134530700, -0.036376890)
(-0.283895200, 0.142821400, -0.036627470)
(-0.302891000, 0.150617500, -0.036821250)
(-0.321129900, 0.157481700, -0.037211720)
(-0.338404600, 0.164275900, -0.038886370)
(-0.338404600, 0.164275900, -0.038886370)
(-0.355252700, 0.171989300, -0.041908800)
(-0.373009400, 0.180626700, -0.045437630)
(-0.391459100, 0.188304200, -0.048163120)
(-0.410029100, 0.194811400, -0.050110670)
(-0.427630300, 0.201320400, -0.052095410)
(-0.443736200, 0.208491000, -0.054622410)
(-0.458364800, 0.215754500, -0.057208060)
(-0.458364800, 0.215754500, -0.057208060)
(-0.472274900, 0.222354000, -0.059380380)
(-0.486375700, 0.228664700, -0.062230890)
(-0.500111800, 0.236096200, -0.066052790)
(-0.513187500, 0.244629500, -0.069753260)
(-0.524929800, 0.252701100, -0.071927760)
(-0.535049200, 0.259656000, -0.071846190)
(-0.543396700, 0.266288100, -0.070040110)
(-0.543396700, 0.266288100, -0.070040110)
(-0.549727500, 0.273331400, -0.067491770)
(-0.554602800, 0.280810400, -0.065027950)
(-0.558642500, 0.288574700, -0.062580410)
(-0.561122200, 0.295828000, -0.059847410)
(-0.561793200, 0.302839600, -0.056655350)
(-0.560868600, 0.309897600, -0.053447720)
(-0.559768300, 0.316465600, -0.050860760)
(-0.559768300, 0.316465600, -0.050860760)
(-0.559275200, 0.322002800, -0.048374920)
(-0.558709700, 0.325976900, -0.045534850)
(-0.557985500, 0.328143000, -0.042819800)
(-0.557105500, 0.329076100, -0.040401220)
(-0.556319500, 0.329793600, -0.038283020)
(-0.555686200, 0.330638300, -0.036141930)
(-0.556289200, 0.329201200, -0.035864950)
(-0.555609600, 0.330536400, -0.032713060)
(-0.555609600, 0.330536400, -0.032713060)
(-0.554285900, 0.332613100, -0.029278100)
(-0.552127000, 0.335426400, -0.025826750)
(-0.549582100, 0.338691500, -0.022739080)
(-0.546833500, 0.341678200, -0.020140590)
(-0.543105900, 0.343919400, -0.017410100)
(-0.538421500, 0.344954300, -0.014531200)
(-0.538421500, 0.344954300, -0.014531200)
(-0.533591000, 0.344716900, -0.011683320)
(-0.528598200, 0.343590400, -0.008779407)
(-0.522685000, 0.342307400, -0.005375445)
(-0.515456400, 0.340955500, -0.001141787)
(-0.506453800, 0.339749600, 0.004219234)
(-0.495467600, 0.338970000, 0.010990410)
(-0.483114000, 0.337935200, 0.019415830)
(-0.470156400, 0.336191600, 0.029196170)
(-0.470156400, 0.336191600, 0.029196170)
(-0.457399000, 0.333878500, 0.039356380)
(-0.444733600, 0.331537300, 0.049325380)
(-0.431573500, 0.328732800, 0.057922720)
(-0.418078400, 0.326129300, 0.064169470)
(-0.404328100, 0.323878400, 0.068178240)
(-0.390797700, 0.321849800, 0.071231600)
(-0.390797700, 0.321849800, 0.071231600)
(-0.377512300, 0.318130900, 0.074872230)
(-0.364746500, 0.312420500, 0.079559030)
(-0.352728900, 0.306137700, 0.084645660)
(-0.340490900, 0.299524700, 0.090336230)
(-0.327691500, 0.289905500, 0.097356380)
(-0.314459500, 0.276909900, 0.105731700)
(-0.302808300, 0.263291900, 0.113234800)
(-0.302808300, 0.263291900, 0.113234800)
(-0.293145200, 0.252152900, 0.118521600)
(-0.281114400, 0.242723200, 0.122678900)
(-0.266142400, 0.230518200, 0.127454500)
(-0.252144100, 0.213893100, 0.134284900)
(-0.239921200, 0.197330800, 0.141866600)
(-0.226909600, 0.185996100, 0.147018100)
(-0.211225600, 0.178970300, 0.148995600)
(-0.211225600, 0.178970300, 0.148995600)
(-0.193693200, 0.172189700, 0.148791900)
(-0.176727800, 0.164051500, 0.148211100)
(-0.160991800, 0.155864800, 0.148381200)
(-0.145505700, 0.148299800, 0.149523200)
(-0.129873000, 0.140220000, 0.152199100)
(-0.114485600, 0.131486400, 0.155594200)
(-0.099519740, 0.123074200, 0.159500400)
(-0.099519740, 0.123074200, 0.159500400)
(-0.085751910, 0.115667900, 0.162880100)
(-0.073264390, 0.109439600, 0.165816200)
(-0.060540650, 0.103815200, 0.167512500)
(-0.046116180, 0.097934600, 0.167671400)
(-0.031510650, 0.091577610, 0.166810300)
(-0.019436280, 0.085154030, 0.166028400)
(-0.010941050, 0.078846530, 0.166035100)
(-0.010941050, 0.078846530, 0.166035100)
(-0.004975170, 0.072439000, 0.165900200)
(0.001161829, 0.066100100, 0.164241900)
(0.008416587, 0.059742260, 0.160330600)
(0.016714160, 0.052586230, 0.155219600)
(0.023868850, 0.044622310, 0.150777900)
(0.027962220, 0.036696070, 0.147292800)
(0.030434140, 0.028997870, 0.144313500)
(0.030434140, 0.028997870, 0.144313500)
(0.032129360, 0.021913100, 0.141815100)
(0.033690400, 0.015831250, 0.139973600)
(0.036156830, 0.011023080, 0.139319800)
(0.038283140, 0.008749444, 0.139588200)
(0.040038680, 0.008857815, 0.140117100)
(0.041891020, 0.009856496, 0.140653500)
(0.043617960, 0.010917600, 0.140966600)
(0.043617960, 0.010917600, 0.140966600)
(0.044755040, 0.012216210, 0.141173400)
(0.046124570, 0.012960960, 0.141414200)
(0.048240080, 0.013078380, 0.141393700)
(0.049676020, 0.013201400, 0.141265500)
(0.049138340, 0.013830160, 0.140850500)
(0.047125700, 0.014438970, 0.140216100)
(0.044407620, 0.014397320, 0.139547800)
(0.044407620, 0.014397320, 0.139547800)
(0.041420550, 0.013497180, 0.138926600)
(0.038458640, 0.011698520, 0.138259000)
(0.036413070, 0.009020356, 0.137563300)
(0.034701150, 0.006498291, 0.136900700)
(0.033331780, 0.004669879, 0.136327000)
(0.032708380, 0.003472188, 0.135759700)
(0.032754490, 0.002922755, 0.134930500)
(0.032754490, 0.002922755, 0.134930500)
(0.033099360, 0.002998092, 0.133606500)
(0.033392240, 0.003548156, 0.131934000)
(0.033403170, 0.004323925, 0.130192600)
(0.033094400, 0.005061856, 0.128552000)
(0.032534770, 0.005478385, 0.127135800)
(0.031944160, 0.005208079, 0.125828000)
(0.031512230, 0.004340493, 0.125716400)
(0.031512230, 0.004340493, 0.125716400)
(0.031337410, 0.003394045, 0.124055000)
(0.031472050, 0.002741724, 0.122755300)
(0.031697000, 0.002603629, 0.121801700)
(0.031957980, 0.002822536, 0.121103900)
(0.032127120, 0.003075274, 0.120444700)
(0.032220560, 0.003017014, 0.119741100)
(0.032335290, 0.002476037, 0.118952200)
(0.032335290, 0.002476037, 0.118952200)
(0.032251400, 0.001648041, 0.118091900)
(0.031820490, 0.000933198, 0.117196000)
(0.031098630, 0.000598785, 0.116188800)
(0.030233680, 0.000634059, 0.115119900)
(0.029420300, 0.000935040, 0.114188200)
(0.028825240, 0.001182075, 0.113367500)
(0.028825240, 0.001182075, 0.113367500)
(0.028417550, 0.001261010, 0.112629400)
(0.028108020, 0.001179256, 0.111906200)
(0.027844670, 0.001010534, 0.111166800)
(0.027692470, 0.000871679, 0.110281900)
(0.027828090, 0.000658025, 0.109442900)
(0.028188400, 0.000458610, 0.108716100)
(0.028587580, 0.000041756, 0.108027800)
(0.028587580, 0.000041756, 0.108027800)
(0.028608780, -0.000532197, 0.107373600)
(0.028226260, -0.000794394, 0.106658600)
(0.027761370, -0.000520427, 0.105664800)
(0.027127010, -0.000051201, 0.104371000)
(0.026398180, 0.000228590, 0.103124400)
(0.025910140, 0.000348843, 0.102049700)
(0.025789530, 0.000479243, 0.101121400)
(0.025789530, 0.000479243, 0.101121400)
(0.025990460, 0.000655128, 0.100249800)
(0.026330380, 0.000794311, 0.099258120)
(0.026777370, 0.000839615, 0.098002430)
(0.027168740, 0.000719816, 0.096878290)
(0.027368140, 0.000699705, 0.095688640)
(0.027545300, 0.000829587, 0.094427700)
(0.027443850, 0.001223017, 0.093023900)
(0.026712230, 0.002011687, 0.091559650)
