(0.011873540, -0.202069600, 0.080920120)
(0.020151550, -0.152917200, 0.125680600)
(0.033316810, -0.100657700, 0.136711900)
(0.033316810, -0.100657700, 0.136711900)
(0.115128900, -0.101263400, 0.111734900)
(0.130810100, -0.074205200, 0.022186390)
(0.075304770, -0.005580560, -0.092479360)
(-0.023122370, 0.028777010, -0.124405300)
(-0.050013830, -0.067992730, -0.107866800)
(-0.050013830, -0.067992730, -0.107866800)
(0.025914110, -0.169505800, -0.156973300)
(0.090485230, -0.110947500, -0.250062100)
(0.045161490, -0.022286940, -0.294799400)
(-0.039705600, 0.075450080, -0.301889700)
(-0.132017800, 0.162470200, -0.275160300)
(-0.119519200, 0.165723900, -0.203921900)
(-0.041675310, 0.110011500, -0.216369300)
(-0.041675310, 0.110011500, -0.216369300)
(-0.041731170, 0.055526110, -0.361058100)
(-0.041731170, 0.055526110, -0.361058100)
(-0.138650300, 0.146049400, -0.262805200)
(-0.162836900, 0.205872300, -0.309050200)
(-0.074650790, 0.284566800, -0.358336000)
(0.040406090, 0.296922700, -0.311828000)
(0.051709120, 0.295993000, -0.196807300)
(-0.005982886, 0.285566400, -0.217275100)
(-0.005982886, 0.285566400, -0.217275100)
(-0.073677920, 0.225463100, -0.283915200)
(-0.051209930, 0.182258200, -0.251881900)
(-0.008262883, 0.221269500, -0.207924200)
(0.084318560, 0.294384200, -0.239317000)
(0.062952060, 0.337656700, -0.234265800)
(0.016984840, 0.267711200, -0.069558570)
(0.016984840, 0.267711200, -0.069558570)
(0.016881900, 0.150744600, 0.015095350)
(0.054042450, 0.043965300, -0.065706130)
(0.057994910, 0.033641100, -0.164164200)
(0.010151800, 0.085414030, -0.085352910)
(-0.026588100, 0.096642440, -0.002431448)
(-0.010661810, 0.077836880, -0.010000720)
(0.056790480, -0.001149176, -0.122988900)
(0.052669310, -0.001226974, -0.111984800)
(0.052669310, -0.001226974, -0.111984800)
(0.000323920, 0.036920580, 0.000059382)
(-0.039842100, 0.006079246, 0.039606630)
(-0.004369841, -0.047704770, -0.074891340)
(0.018161110, -0.036787250, -0.141530000)
(0.024914330, -0.008516663, -0.028739610)
(0.020747860, -0.044504150, 0.058549410)
(0.020747860, -0.044504150, 0.058549410)
(0.018653200, -0.099481690, -0.041210680)
(-0.000646087, -0.118020800, -0.140922900)
(-0.036454600, -0.080767040, -0.125345300)
(-0.035312960, -0.008388101, -0.117741700)
(-0.008479165, 0.027530730, -0.084475540)
(-0.007012831, -0.002369343, -0.031981170)
(0.020639480, -0.003736743, -0.102679900)
(0.054881200, 0.051754650, -0.217161800)
(0.054881200, 0.051754650, -0.217161800)
(0.021594720, 0.077621280, -0.204596000)
(0.019684120, 0.122590300, -0.192581000)
(0.023974300, 0.229332400, -0.193773900)
(0.025086190, 0.301255900, -0.126518400)
(-0.018346830, 0.241128400, -0.128016100)
(-0.028269470, 0.130396900, -0.220574500)
(-0.028269470, 0.130396900, -0.220574500)
(-0.003603393, 0.121213500, -0.248691000)
(0.007862781, 0.224934500, -0.239509300)
(-0.032252260, 0.195151700, -0.137032100)
(-0.023788960, 0.147514200, -0.139146800)
(0.026927250, 0.094111570, -0.151287200)
(0.045941070, 0.128556200, -0.148845000)
(-0.029170470, 0.114337000, -0.043811360)
(-0.076306510, -0.047699420, -0.047988970)
(-0.076306510, -0.047699420, -0.047988970)
(-0.028636840, -0.102014800, -0.200687900)
(0.085407000, -0.077699220, -0.131394800)
(0.007859718, 0.140112600, -0.011988750)
(-0.092781140, 0.202896700, 0.143080300)
(-0.075075560, -0.005891315, 0.066042280)
(0.033468970, -0.209199800, -0.119302900)
(0.033468970, -0.209199800, -0.119302900)
(0.082758200, -0.200382300, -0.176683100)
(0.020017490, 0.006254535, -0.082291210)
(-0.008686046, 0.188073100, 0.148630300)
(-0.014929910, 0.091656920, 0.250822600)
(0.025434550, -0.163984300, 0.126178000)
(0.038226960, -0.316521500, 0.014735270)
(-0.030227160, -0.276284900, 0.040053900)
(-0.030227160, -0.276284900, 0.040053900)
(-0.090299000, -0.152711500, 0.182358100)
(-0.021409740, -0.097204610, 0.189011400)
(0.057026350, -0.151790800, 0.145713700)
(0.060721200, -0.202816700, 0.093838500)
(0.016181080, -0.176863700, 0.163270500)
(-0.087746260, -0.111261600, 0.090977280)
(-0.033686970, -0.161585800, 0.085738450)
(0.096220770, -0.215178000, 0.072731370)
(0.096220770, -0.215178000, 0.072731370)
(0.182028000, -0.237857600, 0.094823230)
(0.109085800, -0.211162000, 0.118599000)
