(0.049515410, 0.124573700, 0.990974100)
(0.047435430, 0.127779900, 0.990667600)
(0.047435430, 0.127779900, 0.990667600)
(0.044198350, 0.133046900, 0.990123700)
(0.040281120, 0.141367200, 0.989137400)
(0.037652610, 0.153285100, 0.987464200)
(0.037751690, 0.169479100, 0.984810400)
(0.041117050, 0.192136400, 0.980506500)
(0.049725980, 0.222185800, 0.973735500)
(0.061215380, 0.255037200, 0.964991600)
(0.061215380, 0.255037200, 0.964991600)
(0.065774020, 0.283712300, 0.956651000)
(0.061239010, 0.308254900, 0.949330700)
(0.055723570, 0.334345600, 0.940801600)
(0.053170200, 0.366077800, 0.929064000)
(0.053540710, 0.403514900, 0.913405200)
(0.057437910, 0.444805700, 0.893783400)
(0.057437910, 0.444805700, 0.893783400)
(0.062904580, 0.485186000, 0.872145400)
(0.068049280, 0.518721900, 0.852230600)
(0.070363410, 0.549621600, 0.832445200)
(0.069087900, 0.584848100, 0.808195200)
(0.067638550, 0.625451800, 0.777325600)
(0.069071460, 0.669462300, 0.739627800)
(0.074953090, 0.711892100, 0.698277600)
(0.079409920, 0.751118800, 0.655373600)
(0.079409920, 0.751118800, 0.655373600)
(0.078380720, 0.787970800, 0.610703200)
(0.072938330, 0.821977400, 0.564830000)
(0.066625100, 0.851001700, 0.520919400)
(0.058484040, 0.874207000, 0.482018600)
(0.050275110, 0.892369200, 0.448496900)
(0.046898940, 0.905183600, 0.422425300)
(0.046898940, 0.905183600, 0.422425300)
(0.046935600, 0.913755500, 0.403544400)
(0.045785520, 0.919554400, 0.390286300)
(0.042512360, 0.923006500, 0.382428600)
(0.039853420, 0.925159900, 0.377479700)
(0.038111770, 0.925735200, 0.376247200)
(0.035952900, 0.923690000, 0.381450100)
(0.033024950, 0.919567000, 0.391542900)
(0.033024950, 0.919567000, 0.391542900)
(0.029769450, 0.913857000, 0.404943300)
(0.024138630, 0.906288400, 0.421970000)
(0.015131730, 0.896723800, 0.442331900)
(0.005945342, 0.886720600, 0.462267500)
(-0.001361486, 0.877027500, 0.480438100)
(-0.008440999, 0.867800300, 0.496841400)
(-0.017782510, 0.859490000, 0.510843100)
(-0.029098470, 0.851670100, 0.523269800)
(-0.029098470, 0.851670100, 0.523269800)
(-0.043889400, 0.844016600, 0.534518200)
(-0.064939270, 0.836787100, 0.543663600)
(-0.093713240, 0.829882900, 0.550011200)
(-0.128277800, 0.822932800, 0.553467600)
(-0.165976600, 0.816397500, 0.553124500)
(-0.208307800, 0.810190800, 0.547903900)
(-0.208307800, 0.810190800, 0.547903900)
(-0.254741900, 0.802500700, 0.539536100)
(-0.295913800, 0.794311800, 0.530569300)
(-0.329008200, 0.788483100, 0.519661400)
(-0.357400000, 0.782999300, 0.509094700)
(-0.384328400, 0.774821800, 0.501939200)
(-0.413949300, 0.763793600, 0.495242600)
(-0.447717500, 0.752157600, 0.483537000)
(-0.447717500, 0.752157600, 0.483537000)
(-0.480909000, 0.742443700, 0.466373100)
(-0.511248500, 0.734193700, 0.446748900)
(-0.538770800, 0.726233600, 0.426978500)
(-0.561398700, 0.719751200, 0.408399000)
(-0.579866900, 0.714779800, 0.390953000)
(-0.596053500, 0.709274100, 0.376364600)
(-0.614404500, 0.701243200, 0.361614600)
(-0.633044600, 0.693181600, 0.344606800)
(-0.633044600, 0.693181600, 0.344606800)
(-0.648471700, 0.687166400, 0.327546600)
(-0.661344200, 0.682288800, 0.311618100)
(-0.673857000, 0.677431300, 0.294963700)
(-0.683767500, 0.674435900, 0.278564700)
(-0.689395500, 0.674047000, 0.265319800)
(-0.692229600, 0.675037900, 0.255229100)
(-0.692229600, 0.675037900, 0.255229100)
(-0.694941800, 0.675539700, 0.246377700)
(-0.696364700, 0.675987200, 0.241075800)
(-0.694267900, 0.678509800, 0.240034600)
(-0.690553300, 0.682502700, 0.239428500)
(-0.688256100, 0.685561700, 0.237294300)
(-0.686407900, 0.688375400, 0.234485700)
(-0.681961400, 0.693190600, 0.233271300)
(-0.675247800, 0.699902700, 0.232758700)
(-0.675247800, 0.699902700, 0.232758700)
(-0.667955100, 0.707582700, 0.230570400)
(-0.660502700, 0.714951200, 0.229305300)
(-0.653735000, 0.720168400, 0.232353100)
(-0.650691700, 0.721313200, 0.237291800)
(-0.650747000, 0.719821400, 0.241630800)
(-0.648971300, 0.719843200, 0.246296700)
(-0.643411000, 0.722335600, 0.253482800)
(-0.643411000, 0.722335600, 0.253482800)
(-0.637587800, 0.724957800, 0.260610900)
(-0.634179100, 0.726091000, 0.265723200)
(-0.632839600, 0.725507100, 0.270468800)
(-0.631706100, 0.724182400, 0.276599300)
(-0.628625500, 0.723741300, 0.284654900)
(-0.623479700, 0.724331400, 0.294308100)
(-0.623479700, 0.724331400, 0.294308100)
(-0.616709600, 0.724814700, 0.307104200)
(-0.608999300, 0.723772100, 0.324459200)
(-0.600071100, 0.722054700, 0.344313200)
(-0.587175700, 0.723433700, 0.363137000)
(-0.567836800, 0.728860000, 0.382523900)
(-0.540831900, 0.737001200, 0.405376400)
(-0.511853100, 0.743450200, 0.430451200)
(-0.511853100, 0.743450200, 0.430451200)
(-0.483319600, 0.746584900, 0.457179500)
(-0.451418600, 0.748739800, 0.485396600)
(-0.415075300, 0.751022600, 0.513495500)
(-0.371822400, 0.755012600, 0.540096500)
(-0.324829000, 0.759024900, 0.564240600)
(-0.281002600, 0.759267300, 0.586984500)
(-0.241114300, 0.755558400, 0.609093900)
(-0.241114300, 0.755558400, 0.609093900)
(-0.199972400, 0.751141100, 0.629124900)
(-0.156125900, 0.746593400, 0.646701700)
(-0.114030200, 0.739632100, 0.663280800)
(-0.074578520, 0.730396400, 0.678939600)
(-0.035705420, 0.721051100, 0.691961300)
(-0.035705420, 0.721051100, 0.691961300)
(0.034291050, 0.702918900, 0.710442800)
(0.060987320, 0.692795900, 0.718550100)
(0.060987320, 0.692795900, 0.718550100)
(0.093831870, 0.683828100, 0.723584800)
(0.138419400, 0.676489800, 0.723326900)
(0.186737100, 0.670724500, 0.717814600)
(0.228819400, 0.665584900, 0.710379100)
(0.261938300, 0.658325600, 0.705688200)
(0.261938300, 0.658325600, 0.705688200)
(0.293284800, 0.647593600, 0.703282600)
(0.329776500, 0.632812300, 0.700568400)
(0.366581800, 0.614198600, 0.698840400)
(0.392991400, 0.595956400, 0.700281200)
(0.414305100, 0.580939600, 0.700614300)
(0.438630800, 0.568718400, 0.695817800)
(0.460057000, 0.556390900, 0.691937000)
(0.478052900, 0.542585200, 0.690700100)
(0.478052900, 0.542585200, 0.690700100)
(0.492977400, 0.527777400, 0.691682200)
(0.508634200, 0.514471700, 0.690369400)
(0.529259600, 0.502669300, 0.683526100)
(0.547835200, 0.494325900, 0.674921000)
(0.559746500, 0.491486400, 0.667176900)
(0.568612200, 0.492304100, 0.659027200)
(0.574767500, 0.497527000, 0.649699200)
(0.574767500, 0.497527000, 0.649699200)
(0.578903100, 0.505148400, 0.640075100)
(0.583636800, 0.512275900, 0.630033000)
(0.587911100, 0.519211400, 0.620306400)
(0.590252500, 0.526923000, 0.611517800)
(0.591630000, 0.534322400, 0.603716500)
(0.594196400, 0.540065300, 0.596036900)
(0.597871300, 0.544059900, 0.588683900)
(0.597871300, 0.544059900, 0.588683900)
(0.600888300, 0.548133500, 0.581793000)
(0.604390100, 0.551731000, 0.574722100)
(0.609695100, 0.552999600, 0.567858600)
(0.615571700, 0.552525200, 0.561949400)
(0.622656800, 0.550866000, 0.555738200)
(0.633322900, 0.546708000, 0.547734000)
(0.643460500, 0.541975700, 0.540574600)
(0.643460500, 0.541975700, 0.540574600)
(0.645870700, 0.541425900, 0.538246200)
(0.642049300, 0.544460900, 0.539754600)
(0.637394700, 0.547821900, 0.541866200)
(0.633567700, 0.551190100, 0.542937900)
(0.629411000, 0.554377200, 0.544525100)
(0.624939100, 0.558092400, 0.545879100)
(0.622597600, 0.562054700, 0.544487700)
(0.622597600, 0.562054700, 0.544487700)
(0.621171900, 0.565229400, 0.542827000)
(0.617939800, 0.567364600, 0.544286500)
(0.613078100, 0.568722400, 0.548352100)
(0.607421200, 0.570745900, 0.552529300)
(0.599370500, 0.575613800, 0.556258700)
(0.585769200, 0.585788000, 0.560113300)
(0.568397000, 0.600045700, 0.562912000)
(0.568397000, 0.600045700, 0.562912000)
(0.551801700, 0.613240700, 0.565199700)
(0.535326800, 0.624507400, 0.568696400)
(0.514577000, 0.635404700, 0.575735600)
(0.489083200, 0.647252900, 0.584689100)
(0.465029200, 0.657139600, 0.593224500)
(0.442354100, 0.664579300, 0.602210300)
(0.419121700, 0.670778900, 0.611876300)
(0.419121700, 0.670778900, 0.611876300)
(0.395199100, 0.676656400, 0.621251900)
(0.371339600, 0.682339500, 0.629698200)
(0.346219700, 0.688672200, 0.637073300)
(0.321151900, 0.693036500, 0.645416000)
(0.295263700, 0.693408100, 0.657270600)
(0.265155500, 0.695510100, 0.667801100)
(0.265155500, 0.695510100, 0.667801100)
(0.230408800, 0.707191500, 0.668425000)
(0.195484100, 0.722400500, 0.663267300)
(0.164021400, 0.733422500, 0.659688100)
(0.131794900, 0.735789100, 0.664262400)
(0.096719090, 0.732694900, 0.673649400)
(0.063099870, 0.726609700, 0.684146700)
(0.029972360, 0.722759500, 0.690449400)
(0.029972360, 0.722759500, 0.690449400)
(-0.004492572, 0.723686900, 0.690113700)
(-0.035441340, 0.725040600, 0.687793700)
(-0.058666720, 0.724361400, 0.686919800)
(-0.069982230, 0.724953800, 0.685233100)
(-0.073592740, 0.731788900, 0.677546400)
(-0.076447990, 0.740323100, 0.667890300)
(-0.079188390, 0.744717700, 0.662664900)
(-0.081312890, 0.745890600, 0.661086600)
(-0.081312890, 0.745890600, 0.661086600)
(-0.086650370, 0.740121500, 0.666867200)
(-0.094124040, 0.726854400, 0.680311100)
(-0.098012310, 0.712475800, 0.694817700)
(-0.095592190, 0.702643800, 0.705091400)
(-0.091120270, 0.696916900, 0.711339500)
(-0.088324510, 0.693648900, 0.714877700)
(-0.087656830, 0.691531000, 0.717008400)
(-0.087656830, 0.691531000, 0.717008400)
(-0.088598500, 0.690519900, 0.717866700)
(-0.091050790, 0.690763400, 0.717325400)
(-0.097038690, 0.689942400, 0.717330600)
(-0.106398800, 0.686768600, 0.719046700)
(-0.117326100, 0.681092500, 0.722736200)
(-0.126896800, 0.674134000, 0.727626700)
(-0.126896800, 0.674134000, 0.727626700)
(-0.130875800, 0.668738400, 0.731888300)
(-0.130272100, 0.665445500, 0.734990800)
(-0.129258700, 0.662802900, 0.737553100)
(-0.130005100, 0.660728200, 0.739281200)
(-0.131532200, 0.659096500, 0.740466700)
(-0.132733600, 0.657527400, 0.741646500)
(-0.132072100, 0.655967000, 0.743144800)
(-0.132072100, 0.655967000, 0.743144800)
(-0.128125900, 0.655228900, 0.744485700)
(-0.122699000, 0.654838300, 0.745742400)
(-0.118632100, 0.653596300, 0.747488000)
(-0.115141400, 0.651295400, 0.750037900)
(-0.110228400, 0.648894800, 0.752851400)
(-0.104106100, 0.646722800, 0.755586900)
(-0.097399990, 0.644350100, 0.758502700)
(-0.090947720, 0.640957300, 0.762169500)
(-0.090947720, 0.640957300, 0.762169500)
(-0.085092290, 0.635715400, 0.767219000)
(-0.080797590, 0.628023400, 0.773988700)
(-0.077915250, 0.617567200, 0.782649300)
(-0.075033830, 0.603976200, 0.793462500)
(-0.071601520, 0.585824400, 0.807268900)
(-0.066654710, 0.562595000, 0.824041400)
(-0.066654710, 0.562595000, 0.824041400)
(-0.060789640, 0.534575000, 0.842931900)
(-0.051862640, 0.471929300, 0.880109600)
(-0.051862640, 0.471929300, 0.880109600)
(-0.046426790, 0.441024000, 0.896293800)
(-0.040247890, 0.410202400, 0.911105900)
(-0.033895150, 0.379659000, 0.924505400)
(-0.028235840, 0.350124200, 0.936277600)
(-0.028235840, 0.350124200, 0.936277600)
(-0.022475770, 0.321387700, 0.946680900)
(-0.014663610, 0.293414000, 0.955873000)
(-0.006888720, 0.265652900, 0.964044200)
(-0.002398161, 0.238068100, 0.971245500)
(-0.000364511, 0.210974500, 0.977491500)
(0.004581537, 0.185951100, 0.982548300)
(0.012813090, 0.164604200, 0.986276500)
(0.012813090, 0.164604200, 0.986276500)
(0.020428690, 0.147605300, 0.988835400)
(0.026040120, 0.134759400, 0.990536200)
(0.027186590, 0.123468400, 0.991976000)
(0.027477580, 0.112940600, 0.993221700)
(0.031149230, 0.103959500, 0.994093500)
(0.037654810, 0.097429450, 0.994529800)
(0.042179630, 0.091462080, 0.994914800)
(0.041389600, 0.084403400, 0.995571600)
(0.041389600, 0.084403400, 0.995571600)
(0.038036440, 0.077012850, 0.996304300)
(0.034987430, 0.071009030, 0.996861900)
(0.030273720, 0.065528160, 0.997391300)
(0.024483880, 0.060332890, 0.997878100)
(0.019373530, 0.056065820, 0.998239000)
(0.016766140, 0.053431700, 0.998430700)
(0.017267240, 0.052569950, 0.998467900)
(0.017267240, 0.052569950, 0.998467900)
(0.019206460, 0.053064730, 0.998406400)
(0.020646120, 0.053872680, 0.998334300)
(0.021028590, 0.054421100, 0.998296700)
(0.021179940, 0.054739010, 0.998276100)
(0.021516270, 0.055076030, 0.998250300)
(0.022255840, 0.055383400, 0.998217000)
