(0.009882112, -0.140426800, -0.021609410)
(0.009882112, -0.140426800, -0.021609410)
(0.039362640, -0.315491400, -0.115965000)
(0.039362640, -0.315491400, -0.115965000)
(0.047923640, -0.334368900, -0.090489680)
(0.047923640, -0.334368900, -0.090489680)
(0.077046330, -0.173847600, 0.060324510)
(0.077046330, -0.173847600, 0.060324510)
(0.082297680, -0.313832300, -0.047264820)
(0.082297680, -0.313832300, -0.047264820)
(0.035339240, -0.428140700, -0.020822290)
(0.035339240, -0.428140700, -0.020822290)
(0.074179310, -0.372538400, 0.016001530)
(0.074179310, -0.372538400, 0.016001530)
(0.072677220, -0.386155500, 0.006679070)
(0.072677220, -0.386155500, 0.006679070)
(0.047344920, -0.334949700, -0.001210442)
(0.047344920, -0.334949700, -0.001210442)
(0.065892060, -0.207650200, -0.060204020)
(0.065892060, -0.207650200, -0.060204020)
(0.098530920, -0.216710900, -0.156807300)
(0.098530920, -0.216710900, -0.156807300)
(-0.002734375, -0.216652200, -0.216249800)
(-0.002734375, -0.216652200, -0.216249800)
(-0.033873400, 0.111640800, -0.199041900)
(-0.033873400, 0.111640800, -0.199041900)
(-0.024141600, 0.081198440, -0.316575700)
(-0.024141600, 0.081198440, -0.316575700)
(0.026348400, 0.013880850, -0.276719500)
(0.026348400, 0.013880850, -0.276719500)
(0.026348400, 0.013880850, -0.276719500)
(-0.021403680, 0.026878780, -0.338453600)
(-0.014340380, 0.064929430, -0.264224000)
(-0.014340380, 0.064929430, -0.264224000)
(-0.046919440, 0.073797990, -0.283260800)
(-0.046919440, 0.073797990, -0.283260800)
(0.036909880, 0.205119700, -0.222179500)
(0.036909880, 0.205119700, -0.222179500)
(-0.034984360, 0.161973100, -0.235411100)
(-0.034984360, 0.161973100, -0.235411100)
(-0.007645548, 0.240902500, -0.143936500)
(-0.007645548, 0.240902500, -0.143936500)
(0.022573780, 0.068193010, -0.185574500)
(0.022573780, 0.068193010, -0.185574500)
(-0.003794381, 0.034569810, -0.147591400)
(-0.003794381, 0.034569810, -0.147591400)
(0.037961830, -0.063271110, -0.280981200)
(0.037961830, -0.063271110, -0.280981200)
(-0.053111770, 0.062247390, -0.125479000)
(-0.053111770, 0.062247390, -0.125479000)
(-0.104203700, -0.036262600, -0.262370600)
(-0.104203700, -0.036262600, -0.262370600)
(-0.146659800, 0.101630500, -0.082425120)
(-0.146659800, 0.101630500, -0.082425120)
(-0.099213650, 0.062773300, -0.205892900)
(-0.099213650, 0.062773300, -0.205892900)
(-0.146610400, 0.246865100, -0.021038970)
(-0.146610400, 0.246865100, -0.021038970)
(-0.038433780, 0.338382900, 0.101015500)
(-0.038433780, 0.338382900, 0.101015500)
(0.013210660, 0.254159900, 0.011346510)
(0.013210660, 0.254159900, 0.011346510)
(-0.027794050, 0.413124400, 0.083488700)
(-0.027794050, 0.413124400, 0.083488700)
(0.140627000, 0.219642700, -0.090105610)
(0.140627000, 0.219642700, -0.090105610)
(0.140627000, 0.219642700, -0.090105610)
(-0.073884280, 0.473357100, 0.320218400)
(-0.073884280, 0.473357100, 0.320218400)
(-0.009265574, 0.136818300, 0.145527500)
(0.053224020, 0.278064200, 0.237769500)
(0.053224020, 0.278064200, 0.237769500)
(0.053224020, 0.278064200, 0.237769500)
(-0.044812840, -0.118664500, 0.015352860)
(0.011205990, 0.365613800, 0.389415600)
(0.011205990, 0.365613800, 0.389415600)
(-0.093225240, -0.187496800, -0.048557810)
(-0.093225240, -0.187496800, -0.048557810)
(-0.023938000, 0.134835100, 0.192313500)
(-0.023938000, 0.134835100, 0.192313500)
(-0.053946140, 0.138946300, 0.182721000)
(-0.053946140, 0.138946300, 0.182721000)
(-0.109997900, -0.051185750, -0.017017250)
(-0.109997900, -0.051185750, -0.017017250)
(-0.109997900, -0.051185750, -0.017017250)
(0.029894540, -0.016049080, -0.101682900)
(-0.051120140, 0.216527500, -0.042062330)
(-0.051120140, 0.216527500, -0.042062330)
(-0.032523940, 0.221157700, -0.062690730)
(-0.032523940, 0.221157700, -0.062690730)
(-0.032523940, 0.221157700, -0.062690730)
(-0.088715170, 0.188776800, -0.034147820)
(0.063320380, 0.432408800, -0.013201300)
(0.063320380, 0.432408800, -0.013201300)
(-0.020618730, 0.262061400, 0.002522290)
(-0.020618730, 0.262061400, 0.002522290)
(-0.005027707, 0.051331140, -0.203213600)
(-0.005027707, 0.051331140, -0.203213600)
(0.134861700, -0.067051810, -0.325237500)
(0.134861700, -0.067051810, -0.325237500)
(0.058684890, 0.110369800, -0.156447900)
(0.058684890, 0.110369800, -0.156447900)
(-0.005566143, 0.020783000, -0.157459000)
(-0.005566143, 0.020783000, -0.157459000)
(0.031415970, -0.057278950, -0.402714000)
(0.031415970, -0.057278950, -0.402714000)
(-0.074894000, 0.385145700, 0.017700540)
(-0.074894000, 0.385145700, 0.017700540)
(-0.042492590, -0.091331550, -0.270024500)
(-0.042492590, -0.091331550, -0.270024500)
(-0.089297580, 0.413705000, 0.179948600)
(-0.089297580, 0.413705000, 0.179948600)
(0.007903456, -0.057338810, -0.264615200)
(0.007903456, -0.057338810, -0.264615200)
(0.085039950, -0.162426000, -0.253469300)
(0.085039950, -0.162426000, -0.253469300)
(0.178083900, 0.099511150, 0.015593330)
(0.178083900, 0.099511150, 0.015593330)
(-0.002191672, 0.005844393, -0.156020200)
(-0.002191672, 0.005844393, -0.156020200)
(-0.056468750, 0.221269700, 0.095154460)
(-0.056468750, 0.221269700, 0.095154460)
(0.005079649, -0.142956500, -0.137079200)
(0.005079649, -0.142956500, -0.137079200)
(-0.041156120, 0.188814100, 0.149083300)
(-0.041156120, 0.188814100, 0.149083300)
(-0.018461670, 0.109660300, 0.193443200)
(-0.018461670, 0.109660300, 0.193443200)
(-0.018256770, -0.222371200, -0.223107500)
(-0.018256770, -0.222371200, -0.223107500)
(0.035992430, -0.015166730, 0.076349470)
(0.035992430, -0.015166730, 0.076349470)
(0.032578080, -0.087370550, 0.004896714)
(0.032578080, -0.087370550, 0.004896714)
(-0.061542190, -0.003950907, 0.014111810)
(-0.061542190, -0.003950907, 0.014111810)
(0.028721020, -0.111881000, -0.013331790)
(0.028721020, -0.111881000, -0.013331790)
(0.045898440, 0.017268700, -0.071557400)
(0.045898440, 0.017268700, -0.071557400)
(-0.142378100, 0.066566120, -0.051197610)
(-0.142378100, 0.066566120, -0.051197610)
(-0.170442000, -0.008806558, 0.031362390)
(-0.170442000, -0.008806558, 0.031362390)
(0.012551070, -0.214126600, -0.133508200)
(0.012551070, -0.214126600, -0.133508200)
(0.187388000, -0.276368800, -0.095169530)
(0.187388000, -0.276368800, -0.095169530)
(0.181956200, -0.240728000, -0.087773160)
(0.181956200, -0.240728000, -0.087773160)
(0.164798600, -0.257299600, -0.126726900)
(0.164798600, -0.257299600, -0.126726900)
(0.115673000, -0.247478500, -0.166471600)
(0.115673000, -0.247478500, -0.166471600)
(0.079789040, -0.344962600, -0.244397500)
(0.079789040, -0.344962600, -0.244397500)
(0.079789040, -0.344962600, -0.244397500)
(0.054220510, -0.299229000, -0.197341400)
(0.033246960, -0.263949600, -0.133002200)
(0.033246960, -0.263949600, -0.133002200)
(-0.046619820, -0.034928610, 0.056710490)
(-0.046619820, -0.034928610, 0.056710490)
(-0.066009370, 0.053337820, 0.111480800)
(-0.066009370, 0.053337820, 0.111480800)
(-0.071837880, 0.147780900, 0.146157200)
(-0.071837880, 0.147780900, 0.146157200)
(-0.042896830, 0.157726000, 0.073683140)
(-0.042896830, 0.157726000, 0.073683140)
(0.032653350, 0.155609600, -0.019596190)
(0.032653350, 0.155609600, -0.019596190)
(0.108202300, -0.003819517, -0.067337430)
(0.108202300, -0.003819517, -0.067337430)
(0.020256420, 0.013848250, -0.011667880)
(0.020256420, 0.013848250, -0.011667880)
(0.047097590, 0.034680110, 0.020834350)
(0.047097590, 0.034680110, 0.020834350)
(0.067968350, -0.015830970, 0.014510820)
(0.067968350, -0.015830970, 0.014510820)
(0.025427740, 0.060432600, 0.023597550)
(0.025427740, 0.060432600, 0.023597550)
(0.025427740, 0.060432600, 0.023597550)
(0.007626130, 0.036281570, 0.032405860)
(0.033319090, 0.024969650, 0.025325540)
(0.033319090, 0.024969650, 0.025325540)
(-0.015577830, 0.032247610, 0.033159230)
(-0.015577830, 0.032247610, 0.033159230)
(-0.015577830, 0.032247610, 0.033159230)
(-0.002823549, 0.027043020, 0.037559110)
(0.038660460, -0.030875220, 0.006778944)
(0.038660460, -0.030875220, 0.006778944)
(0.013756680, -0.051396760, -0.021612040)
(0.013756680, -0.051396760, -0.021612040)
(-0.003622672, -0.049156430, -0.000886510)
(-0.003622672, -0.049156430, -0.000886510)
(-0.003622672, -0.049156430, -0.000886510)
(-0.003622672, -0.049156430, -0.000886510)
(0.028841710, 0.024082240, -0.011918190)
(0.028841710, 0.024082240, -0.011918190)
(0.053947270, -0.022000350, 0.017299690)
(0.053947270, -0.022000350, 0.017299690)
(0.032325430, -0.018296860, -0.032732900)
