(0.004107433, -0.002497923, 0.001609352)
(0.013008050, -0.021202740, -0.010142940)
(-0.002975987, -0.006473223, -0.007736250)
(-0.002975987, -0.006473223, -0.007736250)
(0.004717389, 0.002174923, -0.009186214)
(0.004717389, 0.002174923, -0.009186214)
(0.004717389, 0.002174923, -0.009186214)
(-0.008861631, 0.010263670, 0.004012441)
(-0.010599380, 0.031160400, 0.023374650)
(-0.010599380, 0.031160400, 0.023374650)
(0.021659140, 0.028547730, 0.024806530)
(0.021659140, 0.028547730, 0.024806530)
(0.028389120, 0.006967545, 0.000910725)
(0.028389120, 0.006967545, 0.000910725)
(-0.000324625, 0.017161710, 0.018371460)
(-0.000324625, 0.017161710, 0.018371460)
(0.010410880, -0.052835380, 0.004157340)
(0.010410880, -0.052835380, 0.004157340)
(0.010410880, -0.052835380, 0.004157340)
(0.009722869, -0.076505150, -0.008293382)
(-0.017894540, -0.076180090, -0.011034890)
(-0.017894540, -0.076180090, -0.011034890)
(0.009928201, -0.066814420, -0.012450140)
(0.009928201, -0.066814420, -0.012450140)
(0.009928201, -0.066814420, -0.012450140)
(0.010117760, -0.139972400, -0.045175350)
(-0.022645130, -0.142186400, -0.078973900)
(-0.022645130, -0.142186400, -0.078973900)
(0.046143180, -0.277376700, -0.199448300)
(0.046143180, -0.277376700, -0.199448300)
(0.037882220, -0.234508100, -0.159548300)
(0.037882220, -0.234508100, -0.159548300)
(0.037882220, -0.234508100, -0.159548300)
(0.059000160, -0.220248100, -0.060978010)
(0.103720100, -0.327310400, -0.070711730)
(0.103720100, -0.327310400, -0.070711730)
(0.040282060, -0.337625100, -0.022899020)
(0.040282060, -0.337625100, -0.022899020)
(0.013360800, -0.294117900, 0.085865260)
(0.013360800, -0.294117900, 0.085865260)
(0.048584650, -0.309742400, -0.004431384)
(0.048584650, -0.309742400, -0.004431384)
(0.121798500, -0.343140800, -0.015998800)
(0.121798500, -0.343140800, -0.015998800)
(0.078647760, -0.346899700, -0.051196250)
(0.078647760, -0.346899700, -0.051196250)
(0.088373130, -0.169836500, -0.073800410)
(0.088373130, -0.169836500, -0.073800410)
(0.058219290, -0.152382300, -0.100575500)
(0.058219290, -0.152382300, -0.100575500)
(0.066489320, -0.112341400, -0.183976900)
(0.066489320, -0.112341400, -0.183976900)
(-0.029650970, -0.060148170, -0.201204900)
(-0.029650970, -0.060148170, -0.201204900)
(-0.042472930, -0.023012110, -0.252797300)
(-0.042472930, -0.023012110, -0.252797300)
(0.118630700, 0.085072640, -0.238027500)
(0.118630700, 0.085072640, -0.238027500)
(-0.092284690, 0.189334900, -0.140788600)
(-0.092284690, 0.189334900, -0.140788600)
(-0.011882970, 0.069669480, -0.281444700)
(-0.011882970, 0.069669480, -0.281444700)
(-0.043741970, 0.184002500, -0.149570800)
(-0.043741970, 0.184002500, -0.149570800)
(0.063976210, 0.040045290, -0.305328200)
(0.063976210, 0.040045290, -0.305328200)
(-0.047824610, 0.110186700, -0.293547500)
(-0.047824610, 0.110186700, -0.293547500)
(0.039163190, 0.105139000, -0.140736100)
(0.039163190, 0.105139000, -0.140736100)
(-0.043360230, 0.287991000, -0.152070400)
(-0.043360230, 0.287991000, -0.152070400)
(-0.060931180, 0.248143800, -0.197092200)
(-0.060931180, 0.248143800, -0.197092200)
(-0.008015607, 0.188975800, -0.166409000)
(-0.008015607, 0.188975800, -0.166409000)
(-0.085962250, 0.175913100, -0.138681700)
(-0.085962250, 0.175913100, -0.138681700)
(-0.085962250, 0.175913100, -0.138681700)
(-0.170898700, 0.164281100, -0.153063300)
(0.020831430, 0.205123100, 0.067245560)
(0.020831430, 0.205123100, 0.067245560)
(-0.131257300, 0.126744500, -0.108480900)
(-0.131257300, 0.126744500, -0.108480900)
(-0.131257300, 0.126744500, -0.108480900)
(-0.141499800, 0.013527550, -0.069110130)
(0.017356170, -0.123955800, -0.169099800)
(0.017356170, -0.123955800, -0.169099800)
(0.121325500, 0.195020300, 0.099184450)
(0.121325500, 0.195020300, 0.099184450)
(0.121325500, 0.195020300, 0.099184450)
(0.083325990, 0.132621500, -0.042922290)
(0.083325990, 0.132621500, -0.042922290)
(0.023112920, 0.180850700, 0.057961850)
(0.046730460, 0.106580500, -0.000559746)
(0.046730460, 0.106580500, -0.000559746)
(0.046730460, 0.106580500, -0.000559746)
(-0.102764000, 0.381361900, 0.274855900)
(0.038930380, -0.146352300, 0.044445500)
(0.038930380, -0.146352300, 0.044445500)
(-0.087332680, 0.383053100, 0.269725300)
(-0.087332680, 0.383053100, 0.269725300)
(-0.087332680, 0.383053100, 0.269725300)
(-0.186590500, 0.265496500, 0.350476800)
(-0.090496410, -0.019779700, 0.090914060)
(-0.090496410, -0.019779700, 0.090914060)
(-0.088836930, 0.225287600, 0.217792400)
(-0.088836930, 0.225287600, 0.217792400)
(-0.088836930, 0.225287600, 0.217792400)
(-0.071234140, -0.010056290, 0.050405400)
(0.011560090, 0.227348900, 0.244353900)
(0.011560090, 0.227348900, 0.244353900)
(-0.081685510, 0.050993200, 0.015116700)
(-0.081685510, 0.050993200, 0.015116700)
(-0.081685510, 0.050993200, 0.015116700)
(-0.081638790, 0.180944000, 0.174230900)
(-0.000901468, 0.128302500, -0.061229990)
(-0.000901468, 0.128302500, -0.061229990)
(-0.030321560, 0.104115400, 0.040808970)
(-0.030321560, 0.104115400, 0.040808970)
(-0.030321560, 0.104115400, 0.040808970)
(0.042528520, -0.000945053, -0.143339600)
(-0.000607640, 0.318551300, 0.027275170)
(-0.000607640, 0.318551300, 0.027275170)
(0.103393200, -0.087430370, -0.357595600)
(0.103393200, -0.087430370, -0.357595600)
(0.103393200, -0.087430370, -0.357595600)
(0.037117540, 0.002473107, -0.254391300)
(-0.048741430, 0.200549000, -0.077047640)
(-0.048741430, 0.200549000, -0.077047640)
(-0.024297700, 0.203599900, -0.099068680)
(-0.024297700, 0.203599900, -0.099068680)
(-0.024297700, 0.203599900, -0.099068680)
(-0.045419120, 0.080005700, -0.037825710)
(-0.034142880, 0.024205440, -0.318841800)
(-0.034142880, 0.024205440, -0.318841800)
(-0.023109210, 0.249416100, 0.054046830)
(-0.023109210, 0.249416100, 0.054046830)
(-0.023109210, 0.249416100, 0.054046830)
(0.125260800, 0.042896790, -0.177360800)
(-0.039906370, 0.187290300, 0.016635730)
(-0.039906370, 0.187290300, 0.016635730)
(0.056287170, 0.177569900, -0.099580540)
(0.056287170, 0.177569900, -0.099580540)
(0.056287170, 0.177569900, -0.099580540)
(0.143553500, 0.133133500, -0.101991700)
(0.069522130, -0.232854900, -0.308779200)
(0.069522130, -0.232854900, -0.308779200)
(-0.067779360, 0.252477300, 0.124944100)
(-0.067779360, 0.252477300, 0.124944100)
(-0.067779360, 0.252477300, 0.124944100)
(0.023423060, 0.441132800, 0.070787590)
(0.009891856, -0.070481350, -0.052340860)
(0.009891856, -0.070481350, -0.052340860)
(-0.088048730, 0.148320500, 0.054185700)
(-0.088048730, 0.148320500, 0.054185700)
(-0.088048730, 0.148320500, 0.054185700)
(0.016910700, -0.037217580, -0.053413310)
(-0.026267640, -0.145775900, -0.192124700)
(-0.026267640, -0.145775900, -0.192124700)
(0.025902460, 0.117298100, 0.048333960)
(0.025902460, 0.117298100, 0.048333960)
(0.025902460, 0.117298100, 0.048333960)
(0.129623400, -0.229359600, -0.199005300)
(0.025847600, -0.088817190, -0.143568300)
(0.025847600, -0.088817190, -0.143568300)
(-0.074977350, -0.019574800, -0.073822010)
(-0.074977350, -0.019574800, -0.073822010)
(-0.074977350, -0.019574800, -0.073822010)
(0.121705600, -0.190847600, -0.207449900)
(0.036407110, -0.155134400, -0.132657800)
(0.036407110, -0.155134400, -0.132657800)
(-0.050879430, -0.157864100, -0.087341190)
(-0.050879430, -0.157864100, -0.087341190)
(0.049103100, -0.293601400, -0.218277100)
(0.049103100, -0.293601400, -0.218277100)
(-0.155495900, -0.057385840, -0.009708045)
(-0.155495900, -0.057385840, -0.009708045)
(-0.079451830, -0.228461200, 0.007586197)
(-0.079451830, -0.228461200, 0.007586197)
(0.110392100, -0.240196300, -0.050469720)
(0.110392100, -0.240196300, -0.050469720)
(0.045968140, -0.155033000, -0.023727860)
(0.045968140, -0.155033000, -0.023727860)
(0.029082760, -0.225211500, -0.078411030)
(0.029082760, -0.225211500, -0.078411030)
(0.111270400, -0.212858500, -0.090043990)
(0.111270400, -0.212858500, -0.090043990)
(0.159579000, -0.191955000, -0.104113600)
(0.159579000, -0.191955000, -0.104113600)
(0.141397700, -0.048899590, -0.017321860)
(0.141397700, -0.048899590, -0.017321860)
(0.099685100, -0.004997411, -0.009477179)
(0.099685100, -0.004997411, -0.009477179)
(0.039921950, -0.053896050, -0.027185600)
(0.039921950, -0.053896050, -0.027185600)
(-0.007876028, -0.285382500, -0.117775400)
(-0.007876028, -0.285382500, -0.117775400)
(-0.007876028, -0.285382500, -0.117775400)
(-0.088743340, -0.312684000, -0.118678800)
(-0.089149900, -0.087206100, -0.002072154)
