(0.085220670, 0.285532000, 0.559375600)
(0.056880530, 0.007196477, 0.357415100)
(0.051407830, -0.114247600, 0.195801500)
(0.026976250, -0.035759810, 0.246667700)
(0.007640138, 0.257688200, 0.354305600)
(0.007640138, 0.257688200, 0.354305600)
(-0.029314570, 0.192940000, 0.626885800)
(-0.051704490, 0.090002100, 0.442806400)
(0.023455710, -0.006202727, 0.247453000)
(0.017519650, -0.101177500, 0.235751400)
(-0.022691640, -0.162472100, 0.252764200)
(-0.022691640, -0.162472100, 0.252764200)
(0.010499720, -0.227011000, 0.189486300)
(0.010049310, -0.257850400, -0.017408220)
(0.002870388, -0.279960000, -0.002181947)
(0.001076677, -0.164543900, -0.015264830)
(0.021940730, -0.356570700, -0.079140240)
(0.021940730, -0.356570700, -0.079140240)
(-0.025503800, -0.287442900, -0.087521780)
(-0.009582528, -0.307293900, -0.187759500)
(-0.043553890, -0.272770500, -0.312211700)
(-0.043226120, -0.215184200, -0.326213000)
(-0.045680030, -0.231222900, -0.310320600)
(-0.045680030, -0.231222900, -0.310320600)
(0.027544880, -0.454568700, -0.119420400)
(-0.052091730, -0.305850500, -0.272541500)
(-0.071649250, -0.044348070, -0.330499300)
(-0.039696630, -0.066453200, -0.385835900)
(-0.053656220, -0.109925200, -0.330900200)
(-0.053656220, -0.109925200, -0.330900200)
(-0.037048400, -0.117379400, -0.248899900)
(-0.014210820, -0.221830800, -0.494184900)
(0.003536161, -0.129267100, -0.401159200)
(0.046838470, -0.083954390, -0.297837800)
(0.029720600, 0.005213936, -0.271305600)
(0.029720600, 0.005213936, -0.271305600)
(-0.035222720, -0.031875610, -0.225757100)
(0.028040700, 0.043305180, -0.032167010)
(0.008384123, 0.136418300, 0.086933230)
(0.021483110, 0.111653000, 0.040686550)
(-0.009075671, 0.038645610, -0.102992300)
(-0.019816740, 0.033324120, -0.110257600)
(-0.019816740, 0.033324120, -0.110257600)
(-0.016652050, 0.033949420, -0.110948600)
(0.010269740, -0.027034670, 0.071671860)
(0.081642180, -0.060683940, 0.062861410)
(0.022486280, 0.010678870, 0.073563810)
(0.022486280, 0.010678870, 0.073563810)
(-0.013421380, 0.011749180, 0.057975590)
(-0.026960170, -0.002945633, 0.132919300)
(-0.030240930, -0.011642110, 0.101922100)
(0.017868310, 0.003060143, 0.123004100)
(0.016553340, -0.013316470, 0.054499470)
(0.016553340, -0.013316470, 0.054499470)
(-0.018121670, -0.042204630, 0.042050830)
(-0.098351400, 0.002042591, 0.192573900)
(-0.103268700, 0.029015610, 0.134879600)
(-0.086784980, 0.008316089, 0.074113260)
(-0.098471170, -0.044778780, 0.033455940)
(-0.196234400, 0.024133870, 0.183270800)
(-0.196234400, 0.024133870, 0.183270800)
(-0.259045900, 0.024128710, 0.046406120)
(-0.267991300, 0.018048450, -0.148517900)
(-0.271891100, 0.018002060, -0.050957120)
(-0.268855100, -0.050379180, 0.148017200)
(-0.268855100, -0.050379180, 0.148017200)
(-0.291347600, 0.059733920, -0.046173260)
(-0.226595000, -0.073449010, -0.244684600)
(-0.217879000, -0.074745220, 0.000928716)
(-0.208696500, -0.050413260, 0.155836100)
(-0.092816960, -0.040030030, 0.126782600)
(-0.056744970, -0.011671820, 0.059906000)
(-0.056744970, -0.011671820, 0.059906000)
(-0.135150400, 0.004557076, 0.298674400)
(-0.081784700, 0.148340100, 0.165363400)
(0.008628060, 0.291740600, 0.112619600)
(0.070669280, 0.120266400, 0.275506000)
(0.070669280, 0.120266400, 0.275506000)
(0.094327610, 0.128915200, 0.325380400)
(0.145988500, 0.052159060, 0.078080080)
(0.167765700, 0.160722300, 0.047866390)
(0.173399500, -0.056291890, 0.205404900)
(0.153564300, 0.045809460, 0.148210200)
(0.176576200, 0.311873400, 0.017477300)
(0.176576200, 0.311873400, 0.017477300)
(0.235254200, 0.228198900, 0.057664890)
(0.265068400, -0.039613760, 0.150413800)
(0.216680000, 0.063357570, 0.116191700)
(0.114520600, 0.113556500, 0.019266190)
(0.149794700, -0.065360720, 0.088413110)
(0.149794700, -0.065360720, 0.088413110)
(0.181797100, -0.053833950, 0.055824240)
(0.088331800, 0.093848910, -0.016049280)
(-0.007713300, 0.025258390, -0.197525400)
(-0.138132200, -0.260479300, -0.490447300)
(-0.026030490, 0.355651200, 0.137050600)
(-0.026030490, 0.355651200, 0.137050600)
(0.033188750, 0.510105400, 0.272090600)
(-0.033831950, 0.080515910, -0.061791140)
(-0.047833570, -0.179924300, -0.106121700)
(-0.035301360, -0.124142400, -0.046692530)
(-0.035301360, -0.124142400, -0.046692530)
(-0.040990250, -0.009082451, -0.080421110)
(-0.034080950, 0.004761345, 0.007195480)
(0.058792320, -0.059386890, -0.044711060)
(0.007826156, 0.010256180, -0.088038030)
(0.002297769, 0.023372270, -0.085190380)
(0.031324950, -0.030685200, -0.028826840)
(0.031324950, -0.030685200, -0.028826840)
(0.108059100, -0.108867900, 0.023042890)
(0.020426830, 0.146747200, 0.054453080)
(0.029304820, 0.058806520, -0.024890040)
(0.132401500, -0.061352420, -0.045592080)
(0.132401500, -0.061352420, -0.045592080)
(0.088915820, -0.084831800, 0.013893170)
(-0.060776080, 0.139437800, -0.005785449)
(0.062795480, 0.013298630, -0.136014500)
(0.033954140, 0.225254100, -0.300401200)
(0.088409160, 0.145185500, -0.052397990)
(0.213017700, 0.068468710, 0.191032800)
(0.213017700, 0.068468710, 0.191032800)
(0.242767600, 0.254412800, 0.412099900)
(0.020210800, 0.259531000, 0.441386000)
(-0.006647611, 0.159881400, 0.221539600)
(-0.012055650, -0.016759570, -0.003568554)
(-0.110869200, -0.194395800, 0.059109010)
(-0.110869200, -0.194395800, 0.059109010)
(-0.051487410, -0.192401500, -0.018832020)
(0.221539500, -0.070986260, 0.003552313)
(0.212885500, 0.098584670, 0.242288900)
(-0.232752300, 0.070588950, 0.110209100)
(-0.136233200, 0.060541760, 0.072712750)
(-0.136233200, 0.060541760, 0.072712750)
(0.159450500, 0.110258400, 0.168681300)
(0.001614262, 0.029479960, 0.088409300)
(-0.396729500, 0.202767000, 0.511688100)
(-0.199222900, -0.215387800, 0.387395600)
(0.173005500, -0.235880800, -0.313156600)
(0.173005500, -0.235880800, -0.313156600)
(-0.006287454, 0.057855050, -0.087492850)
(-0.303056800, 0.322042600, 0.234203200)
(-0.123990200, 0.127721700, 0.267180100)
(-0.287621300, -0.041629270, -0.016066830)
(-0.077159110, -0.253051300, -0.307244600)
(-0.077159110, -0.253051300, -0.307244600)
(-0.217975600, -0.061818670, -0.046411080)
(0.042220190, 0.107266100, 0.312500400)
(0.253313300, -0.164001600, -0.343494700)
(-0.021425030, -0.069917600, -0.109370900)
(-0.334408800, 0.080386270, 0.041923880)
(-0.334408800, 0.080386270, 0.041923880)
(0.019634750, -0.049723390, -0.180344900)
(0.166288700, -0.146685200, -0.020475290)
(-0.151542200, -0.044298230, 0.078087800)
(-0.253342400, 0.236761100, 0.116101100)
(-0.002079594, 0.088212090, 0.076393750)
(0.075543920, -0.063310990, -0.064400830)
(0.075543920, -0.063310990, -0.064400830)
(-0.019046740, -0.079131050, 0.071938240)
(-0.044062110, -0.155705100, -0.049499970)
(0.171841900, 0.254311500, 0.101161800)
(0.138610400, 0.051614710, -0.338752700)
(0.138610400, 0.051614710, -0.338752700)
(-0.099024430, 0.195436400, 0.044859410)
(-0.062638660, 0.143550000, 0.033692090)
(0.338060200, -0.311404800, -0.073480320)
(0.168995100, -0.212924700, -0.110794900)
(-0.136424600, -0.067394120, -0.101253000)
(-0.138988400, 0.008123539, 0.114100900)
(-0.138988400, 0.008123539, 0.114100900)
(0.076778240, -0.019810670, -0.015966430)
(-0.002720310, -0.061726820, -0.173466000)
(-0.010735520, -0.010314820, -0.112312400)
(-0.031513900, -0.093805920, 0.004983411)
(-0.031513900, -0.093805920, 0.004983411)
(0.044953440, -0.207417300, -0.150165300)
(-0.106729700, -0.089315560, -0.188033600)
(-0.216931400, 0.066406380, -0.081915230)
(-0.065615660, -0.086478400, 0.025775430)
(0.032096660, -0.022681080, -0.129200900)
(-0.069045590, 0.001426867, -0.063610050)
(-0.069045590, 0.001426867, -0.063610050)
(-0.197485100, 0.169720200, 0.093810620)
(-0.170574900, 0.160398100, 0.054663230)
(-0.035443580, -0.225580900, -0.108170400)
(-0.110046200, -0.095318080, 0.038611430)
(-0.110046200, -0.095318080, 0.038611430)
(-0.248831200, 0.085809100, 0.272378300)
(-0.244249900, 0.214358300, 0.118707400)
(-0.148535500, 0.114381700, 0.114818100)
(-0.042722910, 0.060327570, 0.224801900)
(-0.016241830, 0.009825763, 0.332056300)
(-0.016241830, 0.009825763, 0.332056300)
(-0.064805160, 0.097655710, 0.255134200)
(-0.088897770, 0.003209223, -0.003292953)
(0.112897900, -0.164773100, -0.015063570)
(0.100406800, -0.089930360, 0.032087120)
(0.029564150, -0.053570510, 0.039403610)
(0.029564150, -0.053570510, 0.039403610)
(-0.007379308, 0.034387860, 0.142421100)
(0.056190040, 0.028885780, 0.013356580)
(0.148038800, 0.008464295, 0.030092920)
(0.170204300, 0.159331200, 0.233519300)
(0.069055980, 0.101826600, 0.285236000)
(0.101724500, 0.127069500, 0.060236500)
(0.101724500, 0.127069500, 0.060236500)
(0.121659300, 0.125488800, 0.067010920)
(0.105387500, 0.087303500, 0.224656400)
(0.080219870, 0.025270740, 0.346702200)
(0.013703690, -0.012035820, 0.113306100)
(0.013703690, -0.012035820, 0.113306100)
(0.018473690, -0.017682020, 0.120967000)
(-0.097752210, -0.003856164, -0.141345800)
(-0.091542170, -0.004269709, -0.138551700)
(-0.106492000, -0.114255400, -0.149416600)
(-0.052229560, -0.105797600, -0.185505000)
(-0.229259000, -0.101834500, -0.143253300)
(-0.229259000, -0.101834500, -0.143253300)
(-0.305777900, -0.146841900, -0.208563800)
(-0.222675400, 0.066775090, -0.152768200)
(-0.204016300, 0.189523400, -0.177152400)
(-0.094658050, 0.227084200, 0.086694390)
(-0.094658050, 0.227084200, 0.086694390)
(-0.068307500, 0.068619640, 0.233820100)
(-0.066378910, -0.204155100, 0.165650900)
(-0.085523820, -0.241761900, 0.018445510)
(-0.068044660, -0.154742500, -0.106905200)
(-0.018555350, -0.053906300, -0.053972920)
(-0.028387770, 0.005233191, -0.100744900)
(-0.028387770, 0.005233191, -0.100744900)
(-0.003254006, -0.058684570, -0.022895320)
(-0.008321608, -0.052207780, -0.032231440)
(-0.065730600, 0.104210800, 0.035685780)
(-0.074371480, 0.047503660, -0.025284840)
(-0.074371480, 0.047503660, -0.025284840)
(-0.086092430, 0.043031870, 0.001076678)
(-0.049233360, 0.011685190, 0.023584470)
(-0.013834950, -0.042648910, 0.086707180)
(0.020751850, -0.031379360, 0.000277156)
(0.003294084, -0.010298920, 0.019375390)
(0.019845730, -0.048345000, -0.006098501)
(0.019845730, -0.048345000, -0.006098501)
(0.033322850, -0.085072150, -0.022859440)
(0.050069190, -0.080709140, 0.002488715)
(0.060227370, -0.028410480, -0.014171280)
(0.035723790, -0.004663368, -0.021929940)
(0.021784860, -0.004505146, -0.062402110)
(0.021784860, -0.004505146, -0.062402110)
(0.076193870, -0.029703830, -0.056551390)
(0.078977430, -0.028588400, -0.072832510)
(0.099646850, -0.071386490, -0.138023300)
(0.025381580, -0.154643300, -0.186221600)
(0.015963020, -0.147836900, -0.194660300)
(0.015963020, -0.147836900, -0.194660300)
(0.059474550, -0.239369500, -0.169655400)
(0.058364370, -0.240075400, -0.151473800)
(0.055147300, -0.248877500, -0.218010100)
(0.037001520, -0.274546200, -0.220535100)
(-0.000804032, -0.222781500, -0.106477600)
(-0.000804032, -0.222781500, -0.106477600)
(0.065030260, -0.220724700, 0.101678300)
(0.014150640, -0.120361900, 0.192956000)
(-0.044341390, 0.057489400, 0.014303780)
(-0.035221580, 0.049560600, -0.075168640)
(-0.015839630, -0.005551240, 0.066353960)
(-0.015839630, -0.005551240, 0.066353960)
(0.049419650, -0.166450300, 0.411412000)
(0.054419910, -0.049041460, 0.111545500)
(-0.016583240, -0.000247787, -0.039583900)
(-0.036947930, 0.017106160, 0.146190300)
(-0.039632690, 0.050443120, 0.260217200)
(-0.039632690, 0.050443120, 0.260217200)
(-0.071754510, 0.076762310, 0.167890400)
(0.023524820, 0.042419660, 0.016459660)
(0.028964320, 0.093368600, 0.091400300)
(-0.021938610, 0.006354251, 0.233969000)
(-0.019854700, -0.053518240, 0.254459900)
(-0.019854700, -0.053518240, 0.254459900)
(-0.016787580, 0.043951550, 0.107996700)
(-0.078833190, 0.195657700, 0.258525500)
(0.019438480, 0.021474590, 0.315407200)
(-0.043023000, 0.187408000, 0.279348900)
(0.005960932, 0.018181110, 0.108870500)
(0.005960932, 0.018181110, 0.108870500)
(0.015067870, 0.052069830, -0.183036700)
(-0.132753200, 0.021292270, 0.211108400)
(0.024076610, 0.030020810, 0.238081900)
(-0.016085620, 0.013074570, 0.105586400)
(0.000718040, 0.007140451, -0.005282009)
(0.000718040, 0.007140451, -0.005282009)
(0.021809180, -0.029714830, -0.040691260)
(-0.008446045, 0.002264063, -0.019707050)
(-0.035076560, 0.018013590, 0.019590160)
(-0.028137020, 0.021602630, 0.042809130)
(-0.006183924, -0.003560211, 0.037964930)
(-0.006183924, -0.003560211, 0.037964930)
