(0.005380379, 0.004264563, -0.003876865)
(0.005380379, 0.004264563, -0.003876865)
(0.006870251, 0.000026871, -0.006862462)
(0.006870251, 0.000026871, -0.006862462)
(0.008934293, -0.000812467, -0.009344101)
(0.008934293, -0.000812467, -0.009344101)
(0.012445080, -0.000213545, -0.012978260)
(0.012445080, -0.000213545, -0.012978260)
(0.019860510, -0.004707210, -0.016337930)
(0.019860510, -0.004707210, -0.016337930)
(0.024958040, -0.007945053, -0.017750260)
(0.024958040, -0.007945053, -0.017750260)
(0.038994110, -0.016987530, -0.018103660)
(0.038994110, -0.016987530, -0.018103660)
(0.055059580, -0.032665500, -0.014977040)
(0.055059580, -0.032665500, -0.014977040)
(0.063594360, -0.043020380, -0.012624260)
(0.063594360, -0.043020380, -0.012624260)
(0.083960450, -0.070033270, -0.005375922)
(0.083960450, -0.070033270, -0.005375922)
(0.102454100, -0.100375200, 0.003101945)
(0.102454100, -0.100375200, 0.003101945)
(0.114082500, -0.117767900, 0.008841813)
(0.114082500, -0.117767900, 0.008841813)
(0.142356800, -0.158634500, 0.024002670)
(0.142356800, -0.158634500, 0.024002670)
(0.176149500, -0.194663000, 0.039537310)
(0.176149500, -0.194663000, 0.039537310)
(0.191662700, -0.211337200, 0.047598000)
(0.191662700, -0.211337200, 0.047598000)
(0.191662700, -0.211337200, 0.047598000)
(0.219237000, -0.242940700, 0.065518380)
(0.244572000, -0.275476800, 0.084967910)
(0.244572000, -0.275476800, 0.084967910)
(0.259377400, -0.291335800, 0.095417140)
(0.259377400, -0.291335800, 0.095417140)
(0.287863900, -0.321044100, 0.118846600)
(0.287863900, -0.321044100, 0.118846600)
(0.315414900, -0.346537500, 0.140445200)
(0.315414900, -0.346537500, 0.140445200)
(0.330497500, -0.357282600, 0.150305000)
(0.330497500, -0.357282600, 0.150305000)
(0.355089900, -0.377080900, 0.167580200)
(0.355089900, -0.377080900, 0.167580200)
(0.376885100, -0.392789400, 0.184705300)
(0.376885100, -0.392789400, 0.184705300)
(0.387482500, -0.399086100, 0.190662100)
(0.387482500, -0.399086100, 0.190662100)
(0.409792400, -0.415961200, 0.203346100)
(0.409792400, -0.415961200, 0.203346100)
(0.429584400, -0.435022000, 0.218886300)
(0.429584400, -0.435022000, 0.218886300)
(0.450476500, -0.454347200, 0.238849600)
(0.450476500, -0.454347200, 0.238849600)
(0.462739200, -0.462959800, 0.250048500)
(0.462739200, -0.462959800, 0.250048500)
(0.487750200, -0.477971000, 0.274003300)
(0.487750200, -0.477971000, 0.274003300)
(0.498882900, -0.486140800, 0.285486200)
(0.498882900, -0.486140800, 0.285486200)
(0.519712200, -0.495250500, 0.305251400)
(0.519712200, -0.495250500, 0.305251400)
(0.535080400, -0.505592600, 0.320182700)
(0.535080400, -0.505592600, 0.320182700)
(0.544241000, -0.503110100, 0.323821100)
(0.544241000, -0.503110100, 0.323821100)
(0.544241000, -0.503110100, 0.323821100)
(0.558310900, -0.504005200, 0.332156300)
(0.558310900, -0.504005200, 0.332156300)
(0.560465500, -0.506920600, 0.334620100)
(0.555825500, -0.517637500, 0.335951500)
(0.555825500, -0.517637500, 0.335951500)
(0.555825500, -0.517637500, 0.335951500)
(-0.551400500, 0.429366600, 1.306502000)
(-0.543202300, 0.441888000, 1.302290000)
(-0.543202300, 0.441888000, 1.302290000)
(-0.537030600, 0.440304000, 1.307599000)
(-0.537030600, 0.440304000, 1.307599000)
(-0.534414400, 0.439840200, 1.310676000)
(-0.534414400, 0.439840200, 1.310676000)
(0.522034300, -0.542455600, 0.328210100)
(0.522034300, -0.542455600, 0.328210100)
(0.519984400, -0.532995200, 0.319624900)
(0.519984400, -0.532995200, 0.319624900)
(0.519984400, -0.532995200, 0.319624900)
(0.513355300, -0.514524800, 0.302685200)
(0.500863500, -0.504410300, 0.288962800)
(0.500863500, -0.504410300, 0.288962800)
(0.489460700, -0.490650100, 0.271919200)
(0.489460700, -0.490650100, 0.271919200)
(0.489460700, -0.490650100, 0.271919200)
(0.484206200, -0.479126300, 0.261857000)
(0.465813000, -0.463142900, 0.244720000)
(0.465813000, -0.463142900, 0.244720000)
(0.455169600, -0.454806100, 0.234660200)
(0.455169600, -0.454806100, 0.234660200)
(0.435623000, -0.428533600, 0.209434600)
(0.435623000, -0.428533600, 0.209434600)
(0.417229800, -0.397106900, 0.179564800)
(0.417229800, -0.397106900, 0.179564800)
(0.405011700, -0.387338200, 0.167955000)
(0.405011700, -0.387338200, 0.167955000)
(0.376206300, -0.374886800, 0.148074800)
(0.376206300, -0.374886800, 0.148074800)
(0.352342800, -0.348501800, 0.130343600)
(0.352342800, -0.348501800, 0.130343600)
(0.338986300, -0.347740200, 0.127734100)
(0.338986300, -0.347740200, 0.127734100)
(0.315409200, -0.335088000, 0.117139900)
(0.315409200, -0.335088000, 0.117139900)
(0.294042600, -0.319038800, 0.101405600)
(0.294042600, -0.319038800, 0.101405600)
(0.273562700, -0.292361800, 0.082322540)
(0.273562700, -0.292361800, 0.082322540)
(0.263930400, -0.273943100, 0.073172810)
(0.263930400, -0.273943100, 0.073172810)
(0.243177600, -0.252007900, 0.061644200)
(0.243177600, -0.252007900, 0.061644200)
(0.221427000, -0.233024900, 0.053727330)
(0.221427000, -0.233024900, 0.053727330)
(0.209227900, -0.227839000, 0.051496150)
(0.209227900, -0.227839000, 0.051496150)
(0.185265500, -0.210225000, 0.044044670)
(0.185265500, -0.210225000, 0.044044670)
(0.158851500, -0.202972200, 0.043289360)
(0.158851500, -0.202972200, 0.043289360)
(0.146533000, -0.199168600, 0.043018700)
(0.146533000, -0.199168600, 0.043018700)
(0.127512600, -0.178069300, 0.036889970)
(0.127512600, -0.178069300, 0.036889970)
(0.111568000, -0.163947700, 0.030840580)
(0.111568000, -0.163947700, 0.030840580)
(0.103017000, -0.157841800, 0.026656750)
(0.103017000, -0.157841800, 0.026656750)
(0.082496740, -0.146526700, 0.016757670)
(0.082496740, -0.146526700, 0.016757670)
(0.059495260, -0.136475100, 0.005970061)
(0.059495260, -0.136475100, 0.005970061)
(0.049736480, -0.136241100, 0.001327455)
(0.049736480, -0.136241100, 0.001327455)
(0.026211740, -0.130512800, -0.004643917)
(0.026211740, -0.130512800, -0.004643917)
(0.010511140, -0.116263200, -0.007153988)
(0.010511140, -0.116263200, -0.007153988)
(0.009029755, -0.101967600, -0.010729490)
(0.009029755, -0.101967600, -0.010729490)
(0.012862980, -0.072991100, -0.018092510)
(0.012862980, -0.072991100, -0.018092510)
(0.017332600, -0.054061140, -0.022868390)
(0.017332600, -0.054061140, -0.022868390)
(0.018263860, -0.046109720, -0.025152090)
(0.018263860, -0.046109720, -0.025152090)
(0.015434020, -0.036350240, -0.029551860)
(0.015434020, -0.036350240, -0.029551860)
(0.009400279, -0.030739340, -0.033470870)
(0.009400279, -0.030739340, -0.033470870)
(0.009400279, -0.030739340, -0.033470870)
(0.006193550, -0.028480140, -0.034463580)
(0.000072126, -0.025822130, -0.034979880)
(0.000072126, -0.025822130, -0.034979880)
(-0.002901256, -0.034083250, -0.032598260)
(-0.002901256, -0.034083250, -0.032598260)
(-0.004035457, -0.039520900, -0.030804510)
(-0.004035457, -0.039520900, -0.030804510)
(-0.005538058, -0.047260190, -0.027662460)
(-0.005538058, -0.047260190, -0.027662460)
(-0.004089904, -0.049053410, -0.026631240)
(-0.004089904, -0.049053410, -0.026631240)
(-0.002643870, -0.047778500, -0.026820600)
(-0.002643870, -0.047778500, -0.026820600)
(-0.001224707, -0.042917140, -0.029082480)
(-0.001224707, -0.042917140, -0.029082480)
(-0.001100256, -0.043048660, -0.029976190)
(-0.001100256, -0.043048660, -0.029976190)
(-0.001113691, -0.043957290, -0.029706180)
(-0.001113691, -0.043957290, -0.029706180)
(-0.001945956, -0.044609950, -0.028381710)
(-0.001945956, -0.044609950, -0.028381710)
(-0.001725338, -0.046804810, -0.026757000)
(-0.001725338, -0.046804810, -0.026757000)
(-0.001725338, -0.046804810, -0.026757000)
(-0.000668921, -0.048309530, -0.025972250)
(0.001224004, -0.050944920, -0.023537760)
(0.001224004, -0.050944920, -0.023537760)
(-0.000263749, -0.051257460, -0.020893570)
(-0.000263749, -0.051257460, -0.020893570)
(-0.000263749, -0.051257460, -0.020893570)
(-0.001077629, -0.050710870, -0.019950270)
(-0.002932370, -0.048236700, -0.018970790)
(-0.002932370, -0.048236700, -0.018970790)
(-0.005900098, -0.045632430, -0.018664180)
(-0.005900098, -0.045632430, -0.018664180)
(-0.007322796, -0.045407570, -0.018529530)
(-0.007322796, -0.045407570, -0.018529530)
(-0.007322796, -0.045407570, -0.018529530)
(-0.007322796, -0.045407570, -0.018529530)
(-0.008906716, -0.044967750, -0.018339870)
(-0.008906716, -0.044967750, -0.018339870)
(-0.009447651, -0.042883900, -0.020029070)
(-0.009447651, -0.042883900, -0.020029070)
(-0.008870653, -0.042975830, -0.020195720)
