(0.006616634, 0.252387500, 0.199888400)
(0.108085500, 0.225567700, 0.407672500)
(0.051384990, 0.344187000, 0.523005800)
(0.051384990, 0.344187000, 0.523005800)
(0.060832940, 0.171533100, 0.377070900)
(-0.032273450, 0.207206800, 0.296443400)
(-0.020667290, 0.163589800, 0.302249700)
(0.034543850, 0.225719200, 0.669427300)
(0.068657440, 0.125628600, 0.628638500)
(0.068657440, 0.125628600, 0.628638500)
(-0.016241590, 0.106310400, 0.426891500)
(-0.092086700, 0.238635600, 0.442759300)
(-0.039871950, 0.096743630, 0.517799100)
(0.054723940, -0.186064400, 0.646249000)
(-0.150034300, -0.145093500, 0.150251800)
(-0.150034300, -0.145093500, 0.150251800)
(-0.125107700, -0.183749900, 0.089914950)
(-0.070944240, -0.168142600, 0.128737500)
(-0.028273660, -0.176025600, 0.037726760)
(-0.004701213, -0.210865000, 0.004703532)
(0.047124840, -0.366103600, -0.099998360)
(0.047124840, -0.366103600, -0.099998360)
(-0.053079560, -0.441773600, -0.081980700)
(0.017523680, -0.485344000, -0.156259800)
(0.022715980, -0.470859500, -0.176474800)
(0.070732910, -0.457846100, -0.176803200)
(0.019456070, -0.408677600, -0.072403300)
(0.019456070, -0.408677600, -0.072403300)
(0.076096800, -0.380010800, -0.123858100)
(0.070405010, -0.241864500, -0.116260800)
(0.038801140, -0.344430100, -0.388106700)
(-0.052658540, -0.275629700, -0.295304900)
(0.002457194, -0.241883000, -0.245147600)
(0.002457194, -0.241883000, -0.245147600)
(0.074630150, -0.290875900, -0.362310000)
(0.007106564, -0.146781200, -0.303251500)
(-0.014483570, -0.131337700, -0.345926200)
(-0.038983960, -0.164270600, -0.325642700)
(0.014875900, -0.192866000, -0.296343700)
(0.091685240, -0.138643400, -0.297270200)
(0.091685240, -0.138643400, -0.297270200)
(0.100499200, -0.022565750, -0.155646900)
(0.105800900, -0.019663390, -0.161828700)
(0.092231400, -0.075076110, -0.092004120)
(0.022496680, -0.024464510, -0.011294030)
(0.022496680, -0.024464510, -0.011294030)
(-0.004471274, -0.035105450, 0.030262320)
(-0.036333710, 0.019603580, 0.020596040)
(-0.029238610, 0.131249700, -0.002215351)
(-0.023867000, 0.136170800, -0.011112590)
(0.044438460, -0.011142840, 0.034075010)
(0.044438460, -0.011142840, 0.034075010)
(0.012534200, 0.002113485, 0.031209510)
(-0.014935890, 0.050996020, 0.138465300)
(0.037163180, 0.150896400, 0.227951900)
(0.141603900, 0.076078050, 0.141707200)
(0.143805800, 0.156122400, 0.175663600)
(0.143805800, 0.156122400, 0.175663600)
(0.103424400, 0.062232610, 0.190549400)
(-0.057648550, -0.068560410, 0.045500890)
(-0.189078500, 0.005712428, -0.080299090)
(-0.157773700, -0.020173260, -0.010102630)
(-0.028568410, -0.066075350, 0.044884780)
(-0.028568410, -0.066075350, 0.044884780)
(0.000183993, -0.060467460, 0.048863040)
(-0.069152630, 0.032756430, 0.004232172)
(-0.230262300, -0.092956220, -0.033371820)
(-0.221738100, 0.017249700, 0.042579960)
(-0.183789100, 0.029628270, 0.051108240)
(-0.183789100, 0.029628270, 0.051108240)
(-0.131733100, 0.037868110, -0.267326600)
(-0.071118860, 0.083921910, -0.036599640)
(-0.093000860, -0.003147471, 0.091125510)
(-0.205705800, -0.002228918, -0.110503800)
(-0.160414700, -0.068613760, -0.017843110)
(-0.160414700, -0.068613760, -0.017843110)
(-0.039488260, -0.009526775, 0.217186400)
(-0.092665890, -0.089181360, 0.250095700)
(-0.072879580, -0.041999830, 0.162017300)
(0.050132170, -0.046746930, 0.102651700)
(-0.015324680, 0.411316800, 0.234596800)
(-0.015324680, 0.411316800, 0.234596800)
(0.061821490, 0.229854300, 0.095379500)
(0.149949500, 0.264105700, -0.073584450)
(0.178575300, -0.184162000, -0.244694800)
(0.051199030, 0.136706400, -0.114375200)
(0.016846320, 0.114107500, 0.310539000)
(0.016846320, 0.114107500, 0.310539000)
(0.065936380, 0.197923400, 0.090954440)
(0.112270300, 0.029675680, 0.000205433)
(0.026073330, 0.023479490, -0.119381100)
(0.015904960, 0.052638490, 0.034971180)
(-0.037514470, 0.067385760, 0.013953190)
(-0.014900680, 0.042496620, 0.010693420)
(-0.014900680, 0.042496620, 0.010693420)
(-0.031609490, 0.198456800, -0.126520200)
(0.060664440, 0.159660500, 0.027402640)
(0.056807400, -0.020332750, 0.003682273)
(-0.032145140, -0.100242200, -0.077325400)
(-0.032145140, -0.100242200, -0.077325400)
(-0.034425010, -0.104172100, -0.082308990)
(0.043869560, -0.110828200, -0.122249100)
(0.105882700, -0.190703600, -0.099967080)
(0.035441250, -0.037516120, -0.164220000)
(-0.009717138, 0.066528770, -0.176365600)
(-0.036658350, 0.087466490, -0.062282480)
(-0.036658350, 0.087466490, -0.062282480)
(0.011749180, -0.092712760, 0.026366790)
(0.093183730, -0.044733170, -0.009842021)
(0.064671040, 0.106542600, -0.021398780)
(-0.055806820, 0.028123020, -0.119400200)
(0.037773740, 0.012128350, -0.002913897)
(0.037773740, 0.012128350, -0.002913897)
(0.177697400, 0.011554240, -0.004327122)
(0.152092200, 0.068107930, -0.074296790)
(0.117806600, 0.105895600, -0.179955800)
(0.237571600, -0.080729020, -0.129899300)
(0.214608200, 0.058966780, 0.179676200)
(0.214608200, 0.058966780, 0.179676200)
(0.045124840, 0.112586800, 0.021500620)
(0.000099047, -0.010678770, -0.129906900)
(0.168969000, -0.166786900, -0.258051100)
(0.148995800, -0.155900100, 0.121997500)
(0.148995800, -0.155900100, 0.121997500)
(-0.064652370, -0.089671290, 0.610820100)
(-0.196645900, -0.231305800, -0.032069360)
(0.018237740, -0.100119100, -0.245835100)
(-0.042811260, 0.208942700, -0.038009070)
(-0.058174070, 0.150334400, 0.499786600)
(-0.076126090, 0.208181200, 0.286351400)
(-0.076126090, 0.208181200, 0.286351400)
(0.064253070, 0.159430300, -0.058713260)
(-0.093036350, 0.228657200, 0.065114640)
(-0.169815400, 0.281240000, 0.285177400)
(-0.034548580, 0.156748200, 0.421696600)
(0.024026600, 0.072545040, 0.271118600)
(0.024026600, 0.072545040, 0.271118600)
(-0.128640000, 0.182455800, 0.331462000)
(-0.396984100, 0.305030300, 0.312440100)
(-0.112828600, -0.130344200, -0.225127600)
(-0.196182800, -0.118906600, -0.210493700)
(0.181799000, -0.070338500, 0.326262600)
(0.099518890, -0.101281300, -0.021659300)
(0.099518890, -0.101281300, -0.021659300)
(0.008681887, 0.139597100, -0.132436600)
(0.048266420, 0.111770100, 0.027016970)
(-0.010354010, 0.316496000, 0.219234000)
(-0.056578280, 0.336053300, 0.236751400)
(-0.056578280, 0.336053300, 0.236751400)
(-0.063851830, -0.210258100, -0.230479400)
(0.024293650, -0.362521800, -0.298908600)
(0.047656050, -0.161605200, 0.054635350)
(0.011686450, -0.137543000, -0.165162500)
(-0.008046228, -0.133181400, -0.134352200)
(-0.008046228, -0.133181400, -0.134352200)
(-0.034943580, -0.042456500, -0.009366972)
(-0.151499500, 0.157642300, 0.068646240)
(-0.181131200, 0.084138680, -0.272275100)
(-0.106843600, -0.090539320, -0.372445400)
(-0.143514100, 0.047067310, -0.010035090)
(-0.143514100, 0.047067310, -0.010035090)
(-0.006548418, -0.174926100, 0.298239200)
(-0.074075040, -0.093040290, -0.094247120)
(-0.001589951, -0.056494550, -0.362620000)
(0.020829100, -0.089129770, 0.035439610)
(-0.105528100, 0.033304570, -0.022508680)
(-0.105528100, 0.033304570, -0.022508680)
(-0.111568300, 0.040151590, -0.013765000)
(0.067998130, -0.073654300, -0.066495740)
(0.149341500, -0.007816383, 0.101925400)
(-0.039519530, -0.155039700, 0.103217700)
(-0.104328400, 0.057119810, -0.172107400)
(-0.104328400, 0.057119810, -0.172107400)
(-0.041312530, 0.186988100, -0.412784400)
(0.134115400, -0.053894290, -0.066732790)
(0.089910760, -0.128549900, -0.001334597)
(0.062258570, -0.055396480, -0.106819700)
(0.020804980, 0.079198250, -0.058536390)
(0.016071400, 0.120512000, -0.005807779)
(0.016071400, 0.120512000, -0.005807779)
(0.043925870, -0.020972150, -0.026393110)
(0.066249910, -0.106049200, -0.061528230)
(0.009776799, -0.114013600, -0.087781240)
(-0.003000773, -0.018506970, 0.025320740)
(-0.003000773, -0.018506970, 0.025320740)
(0.024154530, 0.040824150, 0.129609000)
(-0.023149280, 0.022712980, -0.100535200)
(-0.047148900, -0.027725130, -0.045234060)
(-0.154417800, 0.155810200, 0.128034600)
(-0.209395400, 0.176696000, 0.106232300)
(-0.209395400, 0.176696000, 0.106232300)
(-0.042103010, -0.088728230, -0.060938820)
(0.000810608, -0.074799630, 0.059774130)
(-0.094764490, -0.141318200, 0.075087900)
(-0.094542240, 0.009613326, 0.031518910)
(-0.023997430, 0.034205570, -0.198344300)
(-0.023997430, 0.034205570, -0.198344300)
(0.036835980, 0.039626550, -0.132664300)
(0.055282020, 0.047964180, 0.154207500)
(-0.024598200, -0.047504590, 0.121573300)
(0.005827667, -0.082762620, 0.020507260)
(0.125703100, -0.013725830, 0.021047420)
(0.067461220, 0.075539980, 0.116035100)
(0.067461220, 0.075539980, 0.116035100)
(0.070918170, 0.019298320, 0.000273655)
(0.062981860, -0.130111900, -0.170155800)
(-0.018481670, 0.017880940, -0.132453100)
(-0.021339190, 0.120567000, 0.233377000)
(-0.021339190, 0.120567000, 0.233377000)
(-0.008432368, 0.195026400, 0.485564800)
(0.023291860, 0.027884620, 0.140107200)
(0.082182730, -0.070962630, 0.119813700)
(-0.079858190, 0.048278040, 0.036729150)
(-0.085706460, 0.223573700, 0.194487600)
(-0.085706460, 0.223573700, 0.194487600)
(-0.003443080, 0.097083460, 0.085524940)
(0.000803655, 0.079870230, -0.048011630)
(0.004203581, 0.040880610, 0.092970180)
(-0.083937540, 0.099425670, -0.110368800)
(-0.041119550, 0.064879780, 0.137525800)
(-0.041119550, 0.064879780, 0.137525800)
(-0.002408400, -0.179584700, 0.000298551)
(0.044775730, -0.313658400, 0.033415090)
(-0.056531300, -0.078322490, -0.038842540)
(-0.090078910, 0.086584210, -0.107455200)
(-0.047510930, 0.089590240, -0.071834500)
(-0.047510930, 0.089590240, -0.071834500)
(-0.118759700, 0.034974170, -0.102219600)
(-0.141555600, 0.034397680, -0.060619850)
(-0.130186200, 0.065561000, -0.032233920)
(-0.113536700, 0.075515080, 0.035825570)
(-0.108210200, 0.111440100, 0.098025110)
(-0.108210200, 0.111440100, 0.098025110)
(-0.056334480, -0.093467010, -0.023916080)
(-0.094422570, -0.149076300, -0.174238800)
(-0.092132750, -0.069873260, -0.072409770)
(-0.084650390, -0.041692720, 0.011601210)
(-0.015699060, -0.093525660, -0.043073930)
(-0.016795190, -0.047679770, -0.097004690)
(-0.016795190, -0.047679770, -0.097004690)
(-0.026645170, -0.054192410, -0.042970020)
(-0.089674910, -0.011345310, -0.103140600)
(-0.051856520, -0.033514580, -0.055271130)
(-0.011484370, -0.080602990, -0.042035860)
(-0.016553480, -0.071775030, -0.084446510)
(-0.016553480, -0.071775030, -0.084446510)
(-0.046726770, -0.008397145, -0.119485900)
(-0.020372970, -0.001688318, -0.153217600)
(0.020113530, -0.012044620, 0.004864817)
(0.014043980, -0.007816674, -0.004345271)
(-0.006817478, -0.065084000, -0.099709100)
(-0.006817478, -0.065084000, -0.099709100)
(-0.016921190, -0.074833720, -0.118578600)
(-0.014454720, -0.112834800, -0.139488700)
(0.043725480, -0.129881500, -0.082302930)
(0.023993610, -0.174098200, -0.110418000)
(0.030678660, -0.214988800, -0.140055800)
(0.030678660, -0.214988800, -0.140055800)
(0.045790700, -0.217623100, -0.202045600)
(0.032918320, -0.144224800, -0.222316600)
(0.033910030, -0.123459500, -0.247527900)
(0.078847620, -0.267744700, -0.023448270)
(0.031669080, -0.223289700, -0.085964690)
(0.031669080, -0.223289700, -0.085964690)
(-0.000246541, -0.051294130, -0.111292900)
(0.002320330, -0.021744690, -0.004655783)
(0.093186040, -0.024663630, 0.393210100)
(0.071616870, -0.118646300, 0.098709840)
(0.059564170, -0.134901700, -0.103701400)
(0.059564170, -0.134901700, -0.103701400)
(0.034405330, 0.068472500, 0.030918940)
(0.041590930, 0.098906710, 0.012496430)
(0.022077770, 0.101902800, 0.400477600)
(0.010435450, 0.078748480, 0.003424287)
(0.035134400, 0.084895700, 0.045841790)
(0.035134400, 0.084895700, 0.045841790)
(0.011417030, 0.080085000, 0.101103500)
(0.074241200, -0.069560590, 0.251824400)
(0.023202050, 0.073868610, 0.244764500)
(0.042452000, 0.089691860, 0.032645570)
(0.003625030, 0.052421770, -0.033309090)
(0.003625030, 0.052421770, -0.033309090)
(0.016659490, 0.005408213, -0.015471330)
(0.047034300, -0.092766320, 0.273688000)
(0.039942390, -0.055270440, 0.160051600)
(0.022073000, -0.028461250, 0.059404060)
(-0.026445940, 0.172386300, 0.077542800)
(-0.026445940, 0.172386300, 0.077542800)
(-0.080976580, 0.460560400, 0.593875800)
(0.182481300, 0.263966400, -0.103383400)
(-0.118159800, 0.013100540, 0.234415300)
(-0.082807960, -0.153892300, 0.178574000)
(0.017968450, -0.090647930, 0.264601700)
(0.017968450, -0.090647930, 0.264601700)
(0.019577640, 0.008869259, 0.070745190)
(0.024643390, 0.006902947, 0.071294640)
