(-0.006305268, -0.006472144, -0.024567070)
(-0.006305268, -0.006472144, -0.024567070)
(0.007752012, -0.018106880, -0.026338040)
(0.007752012, -0.018106880, -0.026338040)
(0.007752012, -0.018106880, -0.026338040)
(0.022843790, -0.038763590, -0.025650140)
(0.033812430, -0.053161700, -0.024711670)
(0.033812430, -0.053161700, -0.024711670)
(0.060081450, -0.083773770, -0.021908100)
(0.060081450, -0.083773770, -0.021908100)
(0.060081450, -0.083773770, -0.021908100)
(0.087643760, -0.119810000, -0.014336650)
(0.087643760, -0.119810000, -0.014336650)
(0.102203800, -0.140323900, -0.008223176)
(0.149357200, -0.191198100, 0.013628240)
(0.149357200, -0.191198100, 0.013628240)
(0.149357200, -0.191198100, 0.013628240)
(0.149357200, -0.191198100, 0.013628240)
(0.203260000, -0.237772400, 0.043481950)
(0.203260000, -0.237772400, 0.043481950)
(0.203260000, -0.237772400, 0.043481950)
(0.220259500, -0.252746800, 0.054608400)
(0.220259500, -0.252746800, 0.054608400)
(0.261148700, -0.287424700, 0.079983290)
(0.280541100, -0.302256300, 0.092161950)
(0.280541100, -0.302256300, 0.092161950)
(0.334225300, -0.342589000, 0.129291800)
(0.334225300, -0.342589000, 0.129291800)
(0.334225300, -0.342589000, 0.129291800)
(0.349981100, -0.354564500, 0.139942000)
(0.363165800, -0.365586900, 0.150310100)
(0.363165800, -0.365586900, 0.150310100)
(0.386582300, -0.388733400, 0.172548000)
(0.386582300, -0.388733400, 0.172548000)
(0.386582300, -0.388733400, 0.172548000)
(0.406141600, -0.409650300, 0.189110700)
(0.415039800, -0.419456400, 0.196206200)
(0.415039800, -0.419456400, 0.196206200)
(0.415039800, -0.419456400, 0.196206200)
(0.439275200, -0.445598200, 0.218517800)
(0.439275200, -0.445598200, 0.218517800)
(0.447208900, -0.451693400, 0.225809100)
(0.453896000, -0.456986100, 0.232894100)
(0.453896000, -0.456986100, 0.232894100)
(0.453896000, -0.456986100, 0.232894100)
(0.473452500, -0.464544400, 0.247223900)
(0.473452500, -0.464544400, 0.247223900)
(0.478220500, -0.469554200, 0.249918400)
(0.482456800, -0.482773600, 0.255526700)
(0.482456800, -0.482773600, 0.255526700)
(0.486394000, -0.496798400, 0.262735800)
(0.486394000, -0.496798400, 0.262735800)
(0.486394000, -0.496798400, 0.262735800)
(0.489732300, -0.501651300, 0.266236400)
(0.493616300, -0.505888900, 0.269846800)
(0.493616300, -0.505888900, 0.269846800)
(0.505711400, -0.517040700, 0.282785500)
(0.505711400, -0.517040700, 0.282785500)
(0.505711400, -0.517040700, 0.282785500)
(0.506888000, -0.523196800, 0.287147600)
(0.513815600, -0.531804400, 0.297087400)
(0.513815600, -0.531804400, 0.297087400)
(0.515198000, -0.541071100, 0.302068800)
(0.515198000, -0.541071100, 0.302068800)
(0.515198000, -0.541071100, 0.302068800)
(0.518616100, -0.545549800, 0.305017600)
(0.523274500, -0.547466100, 0.307661400)
(0.523274500, -0.547466100, 0.307661400)
(0.523274500, -0.547466100, 0.307661400)
(0.525188000, -0.553183800, 0.312011600)
(0.525188000, -0.553183800, 0.312011600)
(0.522932300, -0.562934800, 0.317314000)
(0.520834300, -0.565615400, 0.317740300)
(0.520834300, -0.565615400, 0.317740300)
(0.520834300, -0.565615400, 0.317740300)
(0.512317200, -0.571121600, 0.315008400)
(0.512317200, -0.571121600, 0.315008400)
(0.500309100, -0.569556100, 0.305897100)
(0.492626400, -0.567851300, 0.299565900)
(0.492626400, -0.567851300, 0.299565900)
(0.473018300, -0.549193600, 0.274371100)
(0.473018300, -0.549193600, 0.274371100)
(0.473018300, -0.549193600, 0.274371100)
(0.466660800, -0.541004500, 0.264313900)
(0.449123100, -0.523608300, 0.244272200)
(0.449123100, -0.523608300, 0.244272200)
(0.422884500, -0.517303000, 0.225675500)
(0.422884500, -0.517303000, 0.225675500)
(0.422884500, -0.517303000, 0.225675500)
(0.410196200, -0.512822800, 0.216754600)
(0.383150700, -0.507530800, 0.200657500)
(0.383150700, -0.507530800, 0.200657500)
(0.358656600, -0.491458300, 0.183226500)
(0.358656600, -0.491458300, 0.183226500)
(0.358656600, -0.491458300, 0.183226500)
(0.348962100, -0.479993300, 0.173623000)
(0.348962100, -0.479993300, 0.173623000)
(0.336243400, -0.449883900, 0.150626400)
(0.325315100, -0.412608800, 0.124857600)
(0.325315100, -0.412608800, 0.124857600)
(0.325315100, -0.412608800, 0.124857600)
(0.316826900, -0.394277800, 0.112272600)
(0.295424900, -0.360724800, 0.089899000)
(0.295424900, -0.360724800, 0.089899000)
(0.269868700, -0.331733500, 0.071641150)
(0.269868700, -0.331733500, 0.071641150)
(0.269868700, -0.331733500, 0.071641150)
(0.254985500, -0.322480300, 0.065434160)
(0.254985500, -0.322480300, 0.065434160)
(0.228606200, -0.306437400, 0.055670920)
(0.203885700, -0.286333000, 0.043109540)
(0.203885700, -0.286333000, 0.043109540)
(0.203885700, -0.286333000, 0.043109540)
(0.193128500, -0.278620600, 0.036826730)
(0.171725100, -0.259027400, 0.021155420)
(0.171725100, -0.259027400, 0.021155420)
(0.151063500, -0.237856600, 0.006016374)
(0.151063500, -0.237856600, 0.006016374)
(0.151063500, -0.237856600, 0.006016374)
(0.143260500, -0.225593200, -0.001288474)
(0.126790600, -0.193796000, -0.016044080)
(0.126790600, -0.193796000, -0.016044080)
(0.105363200, -0.167482500, -0.024004100)
(0.105363200, -0.167482500, -0.024004100)
(0.105363200, -0.167482500, -0.024004100)
(0.096141070, -0.159260200, -0.025376980)
(0.078640880, -0.143611300, -0.027295530)
(0.078640880, -0.143611300, -0.027295530)
(0.055983760, -0.118950200, -0.032402580)
(0.055983760, -0.118950200, -0.032402580)
(0.055983760, -0.118950200, -0.032402580)
(0.044658030, -0.110491100, -0.035455050)
(0.044658030, -0.110491100, -0.035455050)
(0.025107240, -0.102106900, -0.040728390)
(0.011378760, -0.089467390, -0.047164680)
(0.011378760, -0.089467390, -0.047164680)
(0.011378760, -0.089467390, -0.047164680)
(0.005818073, -0.082935140, -0.049946610)
(0.005818073, -0.082935140, -0.049946610)
(-0.004298501, -0.070688750, -0.054040610)
(-0.014745300, -0.061374750, -0.054129540)
(-0.014745300, -0.061374750, -0.054129540)
(-0.014745300, -0.061374750, -0.054129540)
(-0.018340930, -0.055239180, -0.054205360)
(-0.018421550, -0.042644190, -0.055510760)
(-0.018421550, -0.042644190, -0.055510760)
(-0.014707110, -0.032820360, -0.056286930)
(-0.014707110, -0.032820360, -0.056286930)
(-0.014707110, -0.032820360, -0.056286930)
(-0.014507000, -0.028369120, -0.056348740)
(-0.017731410, -0.023293510, -0.055443110)
(-0.017731410, -0.023293510, -0.055443110)
(-0.022790050, -0.018872680, -0.055592950)
(-0.022790050, -0.018872680, -0.055592950)
(-0.022790050, -0.018872680, -0.055592950)
(-0.025424020, -0.016870860, -0.055710970)
(-0.031302200, -0.015313100, -0.054984510)
(-0.031302200, -0.015313100, -0.054984510)
(-0.036916630, -0.015860400, -0.054990830)
(-0.036916630, -0.015860400, -0.054990830)
(-0.036916630, -0.015860400, -0.054990830)
(-0.037218560, -0.016699740, -0.056253850)
(-0.034670860, -0.023374120, -0.059205950)
(-0.034670860, -0.023374120, -0.059205950)
(-0.031176340, -0.031924460, -0.060088340)
(-0.031176340, -0.031924460, -0.060088340)
(-0.031176340, -0.031924460, -0.060088340)
(-0.029038050, -0.034956530, -0.060257670)
(-0.024690050, -0.040298720, -0.059367780)
(-0.024690050, -0.040298720, -0.059367780)
(-0.022860760, -0.044018810, -0.057122590)
(-0.022860760, -0.044018810, -0.057122590)
(-0.022860760, -0.044018810, -0.057122590)
(-0.022901070, -0.044654500, -0.056092560)
(-0.024536600, -0.045377870, -0.054244160)
(-0.024536600, -0.045377870, -0.054244160)
(-0.024536600, -0.045377870, -0.054244160)
(-0.028523980, -0.040645200, -0.051378670)
(-0.028523980, -0.040645200, -0.051378670)
(-0.029468670, -0.040295890, -0.049942310)
(-0.029116530, -0.041978810, -0.047717810)
(-0.029116530, -0.041978810, -0.047717810)
(-0.026788740, -0.042855620, -0.046495680)
(-0.026788740, -0.042855620, -0.046495680)
(-0.026788740, -0.042855620, -0.046495680)
(-0.025714650, -0.042968050, -0.046079220)
(-0.023896670, -0.042281450, -0.045136390)
(-0.023896670, -0.042281450, -0.045136390)
(-0.020907030, -0.041141590, -0.044149220)
(-0.020907030, -0.041141590, -0.044149220)
(-0.020907030, -0.041141590, -0.044149220)
(-0.020998240, -0.035551910, -0.043522360)
(-0.020810860, -0.026716610, -0.041623890)
(-0.020810860, -0.026716610, -0.041623890)
(-0.020810860, -0.026716610, -0.041623890)
(-0.020341340, -0.022932180, -0.039729240)
(-0.020341340, -0.022932180, -0.039729240)
(-0.022318410, -0.019535240, -0.038886960)
(-0.024192950, -0.022302150, -0.038195610)
(-0.024192950, -0.022302150, -0.038195610)
(-0.024375380, -0.029542920, -0.039327500)
