(-0.027703220, -0.113552600, -0.059445780)
(-0.027703220, -0.113552600, -0.059445780)
(0.033201690, -0.331180200, -0.181824400)
(0.033201690, -0.331180200, -0.181824400)
(0.001906578, -0.455429700, -0.241434700)
(0.001906578, -0.455429700, -0.241434700)
(0.044831660, -0.527585000, -0.144303600)
(0.044831660, -0.527585000, -0.144303600)
(0.074466180, -0.406470800, -0.128517700)
(0.074466180, -0.406470800, -0.128517700)
(0.087876900, -0.304528300, -0.092326490)
(0.087876900, -0.304528300, -0.092326490)
(-0.003681194, -0.278127200, -0.009539709)
(-0.003681194, -0.278127200, -0.009539709)
(0.018072280, -0.364276600, 0.027965910)
(0.018072280, -0.364276600, 0.027965910)
(0.045848790, -0.348228000, 0.025698780)
(0.045848790, -0.348228000, 0.025698780)
(0.078293420, 0.044733660, -0.176303900)
(0.078293420, 0.044733660, -0.176303900)
(0.020688380, 0.112979500, -0.193415100)
(0.020688380, 0.112979500, -0.193415100)
(-0.029877190, 0.159697100, -0.115604800)
(-0.029877190, 0.159697100, -0.115604800)
(-0.049557930, 0.061097630, -0.248412400)
(-0.049557930, 0.061097630, -0.248412400)
(-0.019857820, 0.257078400, -0.205820600)
(-0.019857820, 0.257078400, -0.205820600)
(-0.011476840, 0.231668900, -0.104408400)
(-0.001792069, -0.068592170, -0.188094300)
(-0.001792069, -0.068592170, -0.188094300)
(-0.001792069, -0.068592170, -0.188094300)
(0.130047900, 0.177237700, -0.394631600)
(0.146597500, 0.344545900, -0.320693500)
(0.146597500, 0.344545900, -0.320693500)
(-0.004548853, 0.194798400, -0.124586600)
(-0.004548853, 0.194798400, -0.124586600)
(-0.004548853, 0.194798400, -0.124586600)
(-0.076136540, 0.145259000, -0.187973500)
(-0.076136540, 0.145259000, -0.187973500)
(0.012685090, 0.204347200, -0.150999900)
(0.012685090, 0.204347200, -0.150999900)
(0.053133960, 0.214453100, -0.145903200)
(0.053133960, 0.214453100, -0.145903200)
(-0.075433560, 0.083684680, -0.297562600)
(-0.056318340, 0.036093880, -0.158888600)
(-0.056318340, 0.036093880, -0.158888600)
(0.014597630, 0.199427900, -0.209472600)
(0.014597630, 0.199427900, -0.209472600)
(0.014597630, 0.199427900, -0.209472600)
(-0.011549390, 0.239693000, -0.253576800)
(-0.011549390, 0.239693000, -0.253576800)
(-0.002075774, 0.221438900, -0.133554300)
(0.016547080, 0.006337050, -0.079752110)
(0.016547080, 0.006337050, -0.079752110)
(0.016547080, 0.006337050, -0.079752110)
(0.005153830, 0.095050210, -0.202257800)
(0.005153830, 0.095050210, -0.202257800)
(0.045978990, 0.219036200, -0.099812750)
(0.035868650, 0.215259600, -0.078535890)
(0.035868650, 0.215259600, -0.078535890)
(0.035868650, 0.215259600, -0.078535890)
(0.024509310, 0.242033800, -0.140983700)
(0.024509310, 0.242033800, -0.140983700)
(0.012458600, 0.308615500, -0.047922790)
(0.051021480, 0.093349930, -0.033079150)
(0.051021480, 0.093349930, -0.033079150)
(0.020258390, -0.073947260, -0.097701980)
(0.020258390, -0.073947260, -0.097701980)
(0.048841190, -0.086716080, -0.021376770)
(0.048841190, -0.086716080, -0.021376770)
(0.049959290, -0.057641930, -0.074622850)
(0.049959290, -0.057641930, -0.074622850)
(-0.085709850, -0.013044130, -0.111585100)
(-0.085709850, -0.013044130, -0.111585100)
(-0.085709850, -0.013044130, -0.111585100)
(-0.118084600, 0.019016300, -0.078015300)
(0.047925100, 0.053756010, -0.099740010)
(0.047925100, 0.053756010, -0.099740010)
(0.047925100, 0.053756010, -0.099740010)
(0.047925100, 0.053756010, -0.099740010)
(-0.029050590, 0.038526040, -0.009182458)
(-0.029050590, 0.038526040, -0.009182458)
(0.114496300, 0.005654371, -0.053643450)
(0.114496300, 0.005654371, -0.053643450)
(0.122422300, 0.055905470, -0.053210590)
(0.122422300, 0.055905470, -0.053210590)
(-0.057016650, 0.035447770, 0.009425443)
(-0.057016650, 0.035447770, 0.009425443)
(-0.006464800, 0.195239700, 0.030546820)
(-0.006464800, 0.195239700, 0.030546820)
(0.081946730, 0.195273000, 0.088372730)
(0.081946730, 0.195273000, 0.088372730)
(0.046883270, 0.016358910, -0.025987930)
(0.046883270, 0.016358910, -0.025987930)
(-0.013929910, -0.228895400, -0.062852780)
(-0.013929910, -0.228895400, -0.062852780)
(-0.013929910, -0.228895400, -0.062852780)
(0.066597600, -0.188016400, -0.009840678)
(0.056571350, -0.136791800, -0.038720920)
(0.056571350, -0.136791800, -0.038720920)
(0.041028680, -0.023315530, -0.061680210)
(0.041028680, -0.023315530, -0.061680210)
(0.014443780, 0.058269760, -0.054620660)
(0.014443780, 0.058269760, -0.054620660)
(-0.064024620, 0.041294000, -0.021330850)
(-0.064024620, 0.041294000, -0.021330850)
(-0.008176046, 0.017845830, -0.044254790)
(-0.008176046, 0.017845830, -0.044254790)
(0.059299770, 0.110102900, -0.056093470)
(0.059299770, 0.110102900, -0.056093470)
(-0.007654529, 0.028210010, -0.021781200)
(-0.007654529, 0.028210010, -0.021781200)
(-0.000983187, 0.254179700, -0.150301800)
(-0.000983187, 0.254179700, -0.150301800)
(-0.000983187, 0.254179700, -0.150301800)
(-0.000983187, 0.254179700, -0.150301800)
(-0.117741600, 0.568460900, 0.047371930)
(-0.117741600, 0.568460900, 0.047371930)
(0.109068300, 0.285460400, -0.143635800)
(0.109068300, 0.285460400, -0.143635800)
(-0.007107547, -0.039144150, -0.327367400)
(-0.007107547, -0.039144150, -0.327367400)
(0.033698570, 0.162831300, -0.220599400)
(0.033698570, 0.162831300, -0.220599400)
(-0.049328900, 0.329617800, -0.152816700)
(-0.049328900, 0.329617800, -0.152816700)
(-0.129145600, 0.017489900, -0.288794500)
(-0.129145600, 0.017489900, -0.288794500)
(0.144498200, -0.099832940, -0.244803900)
(0.144498200, -0.099832940, -0.244803900)
(0.002815812, 0.050061860, -0.245533700)
(0.002815812, 0.050061860, -0.245533700)
(-0.180286200, -0.043540230, -0.145923300)
(-0.180286200, -0.043540230, -0.145923300)
(0.157726000, -0.180416700, -0.229030700)
(0.157726000, -0.180416700, -0.229030700)
(0.081779140, -0.039736290, -0.218790000)
(0.081779140, -0.039736290, -0.218790000)
(-0.081798850, -0.092543740, -0.146725400)
(-0.081798850, -0.092543740, -0.146725400)
(0.065436390, -0.086834530, -0.198774700)
(0.065436390, -0.086834530, -0.198774700)
(-0.055809580, -0.048420610, -0.155396300)
(-0.055809580, -0.048420610, -0.155396300)
(-0.135608300, -0.075634020, -0.151679900)
(-0.135608300, -0.075634020, -0.151679900)
(0.020970840, 0.267662100, -0.152170800)
(0.020970840, 0.267662100, -0.152170800)
(-0.070791940, 0.137864100, 0.043228020)
(-0.070791940, 0.137864100, 0.043228020)
(-0.070791940, 0.137864100, 0.043228020)
(-0.070791940, 0.137864100, 0.043228020)
(0.015827280, -0.000160459, -0.028299040)
(0.015827280, -0.000160459, -0.028299040)
(-0.011894690, 0.015334510, -0.040024340)
(-0.011894690, 0.015334510, -0.040024340)
(-0.012997130, 0.043136360, -0.011487090)
(-0.012997130, 0.043136360, -0.011487090)
(-0.027165190, 0.007609828, 0.072985870)
(-0.027165190, 0.007609828, 0.072985870)
(-0.032477130, -0.154380900, -0.014754620)
(-0.032477130, -0.154380900, -0.014754620)
(0.039981990, -0.095684360, -0.079408300)
(0.039981990, -0.095684360, -0.079408300)
(0.054809700, -0.031076240, 0.094857070)
(0.054809700, -0.031076240, 0.094857070)
(-0.149036600, -0.268778900, 0.138463400)
(-0.149036600, -0.268778900, 0.138463400)
(-0.026316360, -0.336801600, 0.040711100)
(0.115589600, -0.366774100, -0.069338980)
(0.115589600, -0.366774100, -0.069338980)
(0.115589600, -0.366774100, -0.069338980)
(-0.060760150, -0.231286100, 0.068483980)
(-0.006231403, -0.276089600, 0.113449200)
(-0.006231403, -0.276089600, 0.113449200)
(0.032312790, -0.118077100, -0.061423890)
(0.032312790, -0.118077100, -0.061423890)
(0.032312790, -0.118077100, -0.061423890)
(0.084660820, -0.096845250, -0.070336650)
(0.102616500, -0.096980700, -0.039183240)
(0.102616500, -0.096980700, -0.039183240)
(-0.026724950, -0.193973700, -0.032330490)
(-0.026724950, -0.193973700, -0.032330490)
(-0.026724950, -0.193973700, -0.032330490)
(-0.012971230, -0.157756300, -0.045449600)
(0.045561710, -0.095666570, -0.102861500)
(0.045561710, -0.095666570, -0.102861500)
(-0.000721493, -0.168178300, -0.047213670)
(-0.000721493, -0.168178300, -0.047213670)
(-0.049041180, -0.198485400, -0.019772600)
(-0.049041180, -0.198485400, -0.019772600)
(-0.016589940, -0.133674000, -0.042878560)
(-0.016589940, -0.133674000, -0.042878560)
(0.048775360, -0.067583460, -0.073926260)
(0.048775360, -0.067583460, -0.073926260)
(0.045908350, -0.034817610, -0.072539110)
(0.045908350, -0.034817610, -0.072539110)
(-0.005476627, 0.027281920, 0.041539940)
(-0.005476627, 0.027281920, 0.041539940)
(0.020455610, 0.044632060, 0.021876070)
