(-0.155959500, -0.076604320, 0.189834100)
(-0.101223000, -0.246825500, 0.147504000)
(-0.101223000, -0.246825500, 0.147504000)
(-0.101223000, -0.246825500, 0.147504000)
(0.057832070, -0.586600500, -0.154660400)
(0.057832070, -0.586600500, -0.154660400)
(0.084037190, -0.919589000, -0.255947000)
(0.097056560, -1.004838000, -0.278506800)
(0.097056560, -1.004838000, -0.278506800)
(0.245932100, -0.690970900, -0.276826000)
(0.245932100, -0.690970900, -0.276826000)
(0.148034000, -0.282931800, -0.147912900)
(0.148034000, -0.282931800, -0.147912900)
(0.144849000, -0.382981200, -0.185064700)
(0.144849000, -0.382981200, -0.185064700)
(0.035482190, -0.408867400, -0.211928600)
(0.035482190, -0.408867400, -0.211928600)
(0.050238000, 0.071665630, -0.229862700)
(0.050238000, 0.071665630, -0.229862700)
(-0.041192990, 0.079153710, -0.185187600)
(-0.041192990, 0.079153710, -0.185187600)
(-0.082782070, 0.042900580, -0.311906000)
(-0.082782070, 0.042900580, -0.311906000)
(0.152470400, 0.259020000, -0.471828100)
(0.152470400, 0.259020000, -0.471828100)
(-0.037549220, 0.342628700, -0.185557900)
(-0.037549220, 0.342628700, -0.185557900)
(-0.160582500, 0.337017400, -0.173374400)
(-0.160582500, 0.337017400, -0.173374400)
(0.069838640, 0.350431000, -0.316981300)
(0.069838640, 0.350431000, -0.316981300)
(0.063821110, 0.359437500, -0.151932500)
(0.063821110, 0.359437500, -0.151932500)
(0.009024666, 0.455155400, -0.044774010)
(0.009024666, 0.455155400, -0.044774010)
(0.053529260, 0.480810100, -0.122438000)
(0.053529260, 0.480810100, -0.122438000)
(0.019262490, 0.391386000, -0.074706320)
(0.019262490, 0.391386000, -0.074706320)
(-0.042332670, 0.078575370, -0.046917650)
(-0.042332670, 0.078575370, -0.046917650)
(0.039898740, -0.003226290, -0.119991800)
(0.039898740, -0.003226290, -0.119991800)
(0.156956100, 0.038701580, -0.115308600)
(0.156956100, 0.038701580, -0.115308600)
(0.150414400, 0.232643700, -0.080059080)
(0.150414400, 0.232643700, -0.080059080)
(-0.045383960, 0.221153900, -0.100806400)
(-0.045383960, 0.221153900, -0.100806400)
(0.030829170, 0.114282600, -0.112461200)
(0.030829170, 0.114282600, -0.112461200)
(0.035064780, 0.123987700, -0.048740360)
(0.035064780, 0.123987700, -0.048740360)
(-0.003947963, 0.215488200, -0.110938000)
(-0.003947963, 0.215488200, -0.110938000)
(-0.000894459, 0.089196580, -0.012514660)
(-0.000894459, 0.089196580, -0.012514660)
(0.014377760, -0.038906280, -0.035856740)
(0.014377760, -0.038906280, -0.035856740)
(-0.002958272, 0.204992400, -0.094158520)
(-0.002958272, 0.204992400, -0.094158520)
(-0.061485470, 0.202353300, -0.016410720)
(-0.065959600, 0.090577490, -0.049213010)
(-0.065959600, 0.090577490, -0.049213010)
(-0.103765400, 0.090650530, -0.052749150)
(-0.103765400, 0.090650530, -0.052749150)
(-0.103765400, 0.090650530, -0.052749150)
(-0.131738600, 0.141990400, -0.016954000)
(0.101926600, 0.043908700, -0.035218700)
(0.101926600, 0.043908700, -0.035218700)
(0.091293470, -0.147398800, -0.145938100)
(0.091293470, -0.147398800, -0.145938100)
(-0.022394480, 0.178905700, -0.025398280)
(-0.022394480, 0.178905700, -0.025398280)
(-0.022802980, 0.167530300, 0.028159070)
(-0.022802980, 0.167530300, 0.028159070)
(-0.024455310, 0.098248590, -0.055196820)
(-0.024455310, 0.098248590, -0.055196820)
(-0.039930460, 0.116359000, -0.046735090)
(-0.039930460, 0.116359000, -0.046735090)
(0.020485250, 0.121323900, 0.062177860)
(0.020485250, 0.121323900, 0.062177860)
(0.043574280, 0.160655500, 0.009880964)
(0.043574280, 0.160655500, 0.009880964)
(0.033352270, 0.133220600, 0.025964280)
(0.033352270, 0.133220600, 0.025964280)
(-0.012602850, -0.046260250, -0.006924341)
(-0.012602850, -0.046260250, -0.006924341)
(-0.008627668, 0.064819010, -0.055168820)
(-0.008627668, 0.064819010, -0.055168820)
(0.013463810, 0.078067840, 0.084338430)
(0.013463810, 0.078067840, 0.084338430)
(0.053068560, -0.090960750, -0.074014180)
(0.053068560, -0.090960750, -0.074014180)
(0.065665770, -0.049558600, -0.071185190)
(0.065665770, -0.049558600, -0.071185190)
(-0.028952830, -0.056037540, -0.005040556)
(-0.028952830, -0.056037540, -0.005040556)
(0.052020230, -0.016597750, -0.041316040)
(0.052020230, -0.016597750, -0.041316040)
(0.036998130, -0.029327670, -0.004113311)
(0.036998130, -0.029327670, -0.004113311)
(-0.039455380, -0.093615800, -0.026550940)
(-0.039455380, -0.093615800, -0.026550940)
(-0.014492890, -0.103351800, 0.012580950)
(-0.014492890, -0.103351800, 0.012580950)
(0.015134370, -0.043377540, -0.002963673)
(0.015134370, -0.043377540, -0.002963673)
(-0.030568950, -0.069578600, -0.013327900)
(-0.030568950, -0.069578600, -0.013327900)
(-0.013970140, -0.047101450, -0.048691950)
(-0.013970140, -0.047101450, -0.048691950)
(0.006723200, 0.102988600, -0.101435300)
(0.006723200, 0.102988600, -0.101435300)
(0.057322230, 0.222737700, -0.010159960)
(0.057322230, 0.222737700, -0.010159960)
(-0.068274370, 0.191327200, -0.020141890)
(-0.068274370, 0.191327200, -0.020141890)
(0.135649600, -0.090038160, -0.209172400)
(0.135649600, -0.090038160, -0.209172400)
(0.294451600, -0.026359770, -0.004465627)
(0.294451600, -0.026359770, -0.004465627)
(-0.541204500, -0.222155200, -0.049300260)
(-0.541204500, -0.222155200, -0.049300260)
(-0.025669820, -0.404465700, -0.318531200)
(-0.025669820, -0.404465700, -0.318531200)
(0.461046900, -0.008421944, -0.203345500)
(0.461046900, -0.008421944, -0.203345500)
(-0.099328530, 0.069094110, -0.124143000)
(-0.099328530, 0.069094110, -0.124143000)
(0.016994560, -0.045588950, -0.137939300)
(0.016994560, -0.045588950, -0.137939300)
(0.132712600, 0.314422400, -0.032260350)
(0.132712600, 0.314422400, -0.032260350)
(-0.031712350, 0.227944900, -0.115850600)
(-0.031712350, 0.227944900, -0.115850600)
(-0.097385360, 0.108028900, -0.250881400)
(-0.097385360, 0.108028900, -0.250881400)
(-0.086533750, 0.511654900, -0.040688300)
(0.014287960, 0.530706900, -0.034506210)
(0.014287960, 0.530706900, -0.034506210)
(0.014287960, 0.530706900, -0.034506210)
(-0.016118170, 0.269749700, -0.353713300)
(-0.016118170, 0.269749700, -0.353713300)
(0.048994400, 0.366494000, -0.087603270)
(-0.061387120, 0.062585710, -0.251470000)
(-0.061387120, 0.062585710, -0.251470000)
(-0.061387120, 0.062585710, -0.251470000)
(-0.006734397, -0.274482200, -0.506762500)
(-0.006734397, -0.274482200, -0.506762500)
(0.155853600, -0.195006300, -0.367370500)
(0.026405440, 0.245276700, 0.052505690)
(0.026405440, 0.245276700, 0.052505690)
(0.026405440, 0.245276700, 0.052505690)
(0.030976700, 0.106724000, -0.011463320)
(0.030976700, 0.106724000, -0.011463320)
(0.113444900, 0.063249960, -0.135280200)
(-0.011670870, 0.090274030, 0.008330530)
(-0.011670870, 0.090274030, 0.008330530)
(-0.168374200, 0.038167390, 0.003022459)
(-0.168374200, 0.038167390, 0.003022459)
(-0.168374200, 0.038167390, 0.003022459)
(-0.083843320, 0.069637580, -0.044733560)
(-0.048917350, -0.094956190, 0.004607402)
(-0.048917350, -0.094956190, 0.004607402)
(-0.048917350, -0.094956190, 0.004607402)
(-0.153770900, -0.191741200, -0.048601490)
(-0.040627080, -0.153230900, -0.184687200)
(-0.040627080, -0.153230900, -0.184687200)
(-0.003080707, -0.234556900, -0.062076420)
(-0.003080707, -0.234556900, -0.062076420)
(0.034646610, -0.328770200, -0.089774620)
(0.034646610, -0.328770200, -0.089774620)
(0.126165300, -0.345028500, -0.097309460)
(0.126165300, -0.345028500, -0.097309460)
(0.056192770, -0.348351500, -0.152928000)
(0.056192770, -0.348351500, -0.152928000)
(0.012892280, -0.392914600, -0.235605000)
(0.012892280, -0.392914600, -0.235605000)
(0.048523110, -0.586835600, -0.152195000)
(0.048523110, -0.586835600, -0.152195000)
(-0.195655200, -0.606789800, -0.085985460)
(-0.195655200, -0.606789800, -0.085985460)
(-0.195655200, -0.606789800, -0.085985460)
(-0.195655200, -0.606789800, -0.085985460)
(0.132378100, -0.239237600, -0.165271900)
(0.132378100, -0.239237600, -0.165271900)
(-0.010172700, -0.150802700, -0.063489140)
(-0.010172700, -0.150802700, -0.063489140)
(-0.024167350, -0.081442180, -0.042837330)
(-0.024167350, -0.081442180, -0.042837330)
(0.097797450, 0.023458530, -0.004792951)
(0.097797450, 0.023458530, -0.004792951)
(0.067552160, -0.018711380, -0.018967190)
(0.067552160, -0.018711380, -0.018967190)
(0.067552160, -0.018711380, -0.018967190)
(0.026953530, 0.018660250, -0.012208380)
(0.060894440, 0.065496680, 0.051131970)
(0.060894440, 0.065496680, 0.051131970)
(-0.006428112, 0.060661640, 0.043157850)
(-0.006428112, 0.060661640, 0.043157850)
