(0.002488706, -0.002600111, 0.010943530)
(0.002488706, -0.002600111, 0.010943530)
(0.007808775, -0.003869824, 0.016524910)
(0.007808775, -0.003869824, 0.016524910)
(0.009872898, -0.007211097, 0.020432830)
(0.009872898, -0.007211097, 0.020432830)
(0.009100253, -0.019257140, 0.027347980)
(0.009100253, -0.019257140, 0.027347980)
(0.003283734, -0.047014930, 0.030440330)
(0.003283734, -0.047014930, 0.030440330)
(-0.001487817, -0.063924040, 0.030093790)
(-0.001487817, -0.063924040, 0.030093790)
(-0.024225880, -0.117851200, 0.028207540)
(-0.024225880, -0.117851200, 0.028207540)
(-0.035583320, -0.140078600, 0.029369000)
(-0.035583320, -0.140078600, 0.029369000)
(-0.046670110, -0.161658900, 0.031374450)
(-0.046670110, -0.161658900, 0.031374450)
(-0.076058890, -0.222754400, 0.036234260)
(-0.076058890, -0.222754400, 0.036234260)
(-0.084912320, -0.239940700, 0.035975160)
(-0.084912320, -0.239940700, 0.035975160)
(-0.093950250, -0.256064400, 0.036737200)
(-0.093950250, -0.256064400, 0.036737200)
(-0.116335800, -0.312159300, 0.046883340)
(-0.116335800, -0.312159300, 0.046883340)
(-0.129344600, -0.355461000, 0.054932590)
(-0.129344600, -0.355461000, 0.054932590)
(-0.134910000, -0.375580300, 0.060072420)
(-0.141858600, -0.412344100, 0.072225870)
(-0.141858600, -0.412344100, 0.072225870)
(-0.141858600, -0.412344100, 0.072225870)
(-0.148877800, -0.452821900, 0.081905600)
(-0.153794200, -0.472578400, 0.086586360)
(-0.153794200, -0.472578400, 0.086586360)
(-0.164259600, -0.506866400, 0.098600030)
(-0.164259600, -0.506866400, 0.098600030)
(-0.164259600, -0.506866400, 0.098600030)
(-0.177870400, -0.538691200, 0.114955700)
(-0.177870400, -0.538691200, 0.114955700)
(-0.185108700, -0.552559600, 0.122981100)
(-0.185108700, -0.552559600, 0.122981100)
(-0.189714700, -0.575379700, 0.135731800)
(-0.189714700, -0.575379700, 0.135731800)
(-0.187748700, -0.598441300, 0.150923400)
(-0.187617000, -0.610454800, 0.160163400)
(-0.187617000, -0.610454800, 0.160163400)
(-0.172766700, -0.649205100, 0.185510600)
(-0.172766700, -0.649205100, 0.185510600)
(-0.172766700, -0.649205100, 0.185510600)
(-0.167955000, -0.659217100, 0.191378000)
(-0.167955000, -0.659217100, 0.191378000)
(-0.166565800, -0.667277600, 0.196920900)
(-0.166875700, -0.683164100, 0.209730500)
(-0.166875700, -0.683164100, 0.209730500)
(-0.166875700, -0.683164100, 0.209730500)
(-0.167196500, -0.688207100, 0.213215600)
(-0.167196500, -0.688207100, 0.213215600)
(-0.172861400, -0.698063200, 0.220650100)
(-0.179396200, -0.705031300, 0.227002600)
(-0.179396200, -0.705031300, 0.227002600)
(-0.179396200, -0.705031300, 0.227002600)
(-0.180982100, -0.709987300, 0.231358500)
(-0.180982100, -0.709987300, 0.231358500)
(-0.186055600, -0.717359600, 0.239037000)
(-0.187528600, -0.723178400, 0.244007300)
(-0.187528600, -0.723178400, 0.244007300)
(-0.179941300, -0.729339200, 0.245913500)
(-0.179941300, -0.729339200, 0.245913500)
(-0.177831900, -0.731771500, 0.247144000)
(-0.177831900, -0.731771500, 0.247144000)
(-0.171919400, -0.739089400, 0.252195800)
(-0.171919400, -0.739089400, 0.252195800)
(-0.160775700, -0.749590300, 0.260775400)
(-0.160775700, -0.749590300, 0.260775400)
(-0.160775700, -0.749590300, 0.260775400)
(-0.156455300, -0.755297200, 0.266388700)
(-0.148016600, -0.769062200, 0.279839300)
(-0.148016600, -0.769062200, 0.279839300)
(-0.148016600, -0.769062200, 0.279839300)
(-0.148016600, -0.769062200, 0.279839300)
(-0.164816300, -0.774171200, 0.287829000)
(-0.164816300, -0.774171200, 0.287829000)
(-0.171699900, -0.776528400, 0.290496700)
(-0.171699900, -0.776528400, 0.290496700)
(-0.170884900, -0.779053700, 0.292217700)
(-0.170884900, -0.779053700, 0.292217700)
(-0.174643100, -0.782208000, 0.295405500)
(-0.174643100, -0.782208000, 0.295405500)
(-0.175250500, -0.786312200, 0.300328400)
(-0.175250500, -0.786312200, 0.300328400)
(-0.172128500, -0.789127100, 0.303308000)
(-0.172128500, -0.789127100, 0.303308000)
(-0.167501800, -0.789884700, 0.303117800)
(-0.167501800, -0.789884700, 0.303117800)
(-0.169840400, -0.785541700, 0.298336100)
(-0.169840400, -0.785541700, 0.298336100)
(-0.169840400, -0.785541700, 0.298336100)
(-0.170339200, -0.786102000, 0.298663900)
(-0.173437400, -0.786328400, 0.298377900)
(-0.173437400, -0.786328400, 0.298377900)
(-0.178243800, -0.784656800, 0.296899400)
(-0.178243800, -0.784656800, 0.296899400)
(-0.181929900, -0.783514100, 0.296406500)
(-0.181929900, -0.783514100, 0.296406500)
(-0.187085400, -0.778983800, 0.292945500)
(-0.187085400, -0.778983800, 0.292945500)
(-0.182465600, -0.773228300, 0.286899700)
(-0.182465600, -0.773228300, 0.286899700)
(-0.177471800, -0.770569500, 0.283265000)
(-0.177471800, -0.770569500, 0.283265000)
(-0.166704900, -0.757562800, 0.268523300)
(-0.166704900, -0.757562800, 0.268523300)
(-0.155412000, -0.750194500, 0.258183500)
(-0.155412000, -0.750194500, 0.258183500)
(-0.155412000, -0.750194500, 0.258183500)
(-0.155412000, -0.750194500, 0.258183500)
(-0.155059300, -0.736473100, 0.245540600)
(-0.155059300, -0.736473100, 0.245540600)
(-0.136119100, -0.724077800, 0.231359000)
(-0.136119100, -0.724077800, 0.231359000)
(-0.130036700, -0.712496600, 0.219724700)
(-0.130036700, -0.712496600, 0.219724700)
(-0.124317700, -0.690711400, 0.200251800)
(-0.124317700, -0.690711400, 0.200251800)
(-0.110977300, -0.676679000, 0.186191200)
(-0.110977300, -0.676679000, 0.186191200)
(-0.109907600, -0.661752800, 0.173861300)
(-0.109907600, -0.661752800, 0.173861300)
(-0.107047400, -0.632700700, 0.152344500)
(-0.107047400, -0.632700700, 0.152344500)
(-0.099121790, -0.611939200, 0.137733800)
(-0.099121790, -0.611939200, 0.137733800)
(-0.099757250, -0.598273300, 0.129331300)
(-0.099757250, -0.598273300, 0.129331300)
(-0.098105770, -0.570515500, 0.112754600)
(-0.098105770, -0.570515500, 0.112754600)
(-0.090025720, -0.549475600, 0.098440650)
(-0.090025720, -0.549475600, 0.098440650)
(-0.090799480, -0.537430000, 0.091598510)
(-0.090799480, -0.537430000, 0.091598510)
(-0.095938120, -0.513459000, 0.079128380)
(-0.095938120, -0.513459000, 0.079128380)
(-0.097808030, -0.492591000, 0.068053900)
(-0.097808030, -0.492591000, 0.068053900)
(-0.095832470, -0.482892700, 0.063352410)
(-0.095832470, -0.482892700, 0.063352410)
(-0.086350630, -0.458671200, 0.050816950)
(-0.086350630, -0.458671200, 0.050816950)
(-0.085886730, -0.431080500, 0.037716980)
(-0.085886730, -0.431080500, 0.037716980)
(-0.085886730, -0.431080500, 0.037716980)
(-0.085886730, -0.431080500, 0.037716980)
(-0.080157160, -0.389272600, 0.024154070)
(-0.080157160, -0.389272600, 0.024154070)
(-0.077253180, -0.364187800, 0.017371180)
(-0.077253180, -0.364187800, 0.017371180)
(-0.076134960, -0.351292800, 0.014167850)
(-0.076134960, -0.351292800, 0.014167850)
(-0.074413390, -0.325296600, 0.008415103)
(-0.074413390, -0.325296600, 0.008415103)
(-0.075152800, -0.299715900, 0.005187154)
(-0.075152800, -0.299715900, 0.005187154)
(-0.075725280, -0.287090000, 0.003397703)
(-0.075725280, -0.287090000, 0.003397703)
(-0.079205390, -0.259044800, -0.002666414)
(-0.079205390, -0.259044800, -0.002666414)
(-0.084547820, -0.223727700, -0.007705569)
(-0.084547820, -0.223727700, -0.007705569)
(-0.085663200, -0.207503600, -0.009429216)
(-0.089070890, -0.177693900, -0.013346200)
(-0.089070890, -0.177693900, -0.013346200)
(-0.089070890, -0.177693900, -0.013346200)
(-0.096717800, -0.152966100, -0.016243400)
(-0.098910990, -0.142187200, -0.017326000)
(-0.098910990, -0.142187200, -0.017326000)
(-0.099562960, -0.125334900, -0.018063780)
(-0.099562960, -0.125334900, -0.018063780)
(-0.099562960, -0.125334900, -0.018063780)
(-0.098834370, -0.114803000, -0.015734910)
(-0.098584460, -0.109641000, -0.013742210)
(-0.098584460, -0.109641000, -0.013742210)
(-0.094613090, -0.092359890, -0.006493926)
(-0.094613090, -0.092359890, -0.006493926)
(-0.094613090, -0.092359890, -0.006493926)
(-0.092610090, -0.086780070, -0.004450858)
(-0.088690130, -0.074846710, -0.001800537)
(-0.088690130, -0.074846710, -0.001800537)
(-0.086175360, -0.065802160, -0.000510037)
(-0.086175360, -0.065802160, -0.000510037)
(-0.085869680, -0.062500120, -0.000505686)
(-0.085869680, -0.062500120, -0.000505686)
(-0.086039140, -0.056904500, -0.002504945)
(-0.086039140, -0.056904500, -0.002504945)
(-0.087771740, -0.055710990, -0.006625712)
(-0.087771740, -0.055710990, -0.006625712)
(-0.088873100, -0.055946540, -0.009225130)
(-0.088873100, -0.055946540, -0.009225130)
(-0.088485300, -0.053315260, -0.015877490)
(-0.088485300, -0.053315260, -0.015877490)
(-0.086304710, -0.051125970, -0.017523880)
