(-0.021647730, -0.141870000, -0.045399510)
(-0.025395260, -0.209293700, -0.123979300)
(-0.025395260, -0.209293700, -0.123979300)
(0.061087990, -0.156414400, -0.079306480)
(0.061087990, -0.156414400, -0.079306480)
(0.079486590, -0.192612700, -0.106186700)
(0.079486590, -0.192612700, -0.106186700)
(-0.029830320, -0.275437600, -0.089660060)
(-0.029830320, -0.275437600, -0.089660060)
(0.001755023, -0.327954100, -0.034278850)
(0.001755023, -0.327954100, -0.034278850)
(0.050527230, -0.365259300, -0.052044940)
(0.050527230, -0.365259300, -0.052044940)
(-0.074269380, -0.706535300, -0.037723360)
(-0.074269380, -0.706535300, -0.037723360)
(-0.060017120, -0.610108300, -0.026553590)
(-0.060017120, -0.610108300, -0.026553590)
(0.143787500, -0.439916700, -0.160686300)
(0.143787500, -0.439916700, -0.160686300)
(0.263562600, -0.004922096, -0.283155700)
(0.263562600, -0.004922096, -0.283155700)
(-0.064149590, 0.094228950, -0.033204840)
(-0.078334380, 0.012962780, -0.118299000)
(-0.078334380, 0.012962780, -0.118299000)
(0.133036400, 0.169990800, -0.393129100)
(0.133036400, 0.169990800, -0.393129100)
(0.133036400, 0.169990800, -0.393129100)
(-0.003913885, 0.215448000, -0.097669090)
(-0.042192150, 0.065055460, 0.009310010)
(-0.042192150, 0.065055460, 0.009310010)
(0.163720400, 0.166899600, -0.353775300)
(0.163720400, 0.166899600, -0.353775300)
(0.150839100, 0.552331600, -0.213688200)
(0.150839100, 0.552331600, -0.213688200)
(0.021439590, 0.533979300, -0.096261770)
(0.021439590, 0.533979300, -0.096261770)
(0.131259400, 0.356263300, -0.092853630)
(0.131259400, 0.356263300, -0.092853630)
(0.104304900, 0.228984500, -0.080620930)
(0.104304900, 0.228984500, -0.080620930)
(-0.051918600, 0.233753400, -0.239016800)
(-0.051918600, 0.233753400, -0.239016800)
(-0.047363660, 0.229427600, -0.241823200)
(-0.047363660, 0.229427600, -0.241823200)
(-0.095330420, 0.253408300, -0.092887900)
(-0.095330420, 0.253408300, -0.092887900)
(-0.005852799, 0.126178300, -0.042843110)
(-0.005852799, 0.126178300, -0.042843110)
(-0.083797180, -0.048419830, -0.218606100)
(-0.083797180, -0.048419830, -0.218606100)
(-0.057333890, -0.066262160, -0.238883600)
(-0.057333890, -0.066262160, -0.238883600)
(0.070758820, 0.085717440, -0.024752680)
(0.070758820, 0.085717440, -0.024752680)
(0.048526780, 0.008242035, -0.214310600)
(0.048526780, 0.008242035, -0.214310600)
(-0.016850090, 0.002946509, -0.143985900)
(-0.016850090, 0.002946509, -0.143985900)
(0.004254473, -0.218308500, -0.274126000)
(0.004254473, -0.218308500, -0.274126000)
(0.175504900, -0.070046070, -0.167768700)
(0.175504900, -0.070046070, -0.167768700)
(0.275605000, 0.081790780, -0.084706500)
(0.275605000, 0.081790780, -0.084706500)
(-0.056721150, 0.130427600, -0.143112500)
(-0.056721150, 0.130427600, -0.143112500)
(-0.109620500, 0.046024230, -0.148255000)
(-0.109620500, 0.046024230, -0.148255000)
(-0.105415100, -0.076823550, -0.160294200)
(-0.105415100, -0.076823550, -0.160294200)
(0.032007490, 0.290579800, -0.047416310)
(0.032007490, 0.290579800, -0.047416310)
(0.047989570, 0.365215500, 0.017491850)
(0.047989570, 0.365215500, 0.017491850)
(0.040926040, 0.245366900, -0.053980850)
(0.040926040, 0.245366900, -0.053980850)
(0.024483090, 0.231411400, -0.045595780)
(0.024483090, 0.231411400, -0.045595780)
(0.150455600, 0.258167300, -0.026769800)
(0.150455600, 0.258167300, -0.026769800)
(0.011762100, 0.309812100, 0.006769693)
(0.011762100, 0.309812100, 0.006769693)
(-0.171635300, 0.108774100, 0.080452990)
(-0.171635300, 0.108774100, 0.080452990)
(0.165823400, -0.011926850, -0.019052360)
(0.165823400, -0.011926850, -0.019052360)
(0.176565200, 0.029348190, 0.004098158)
(0.176565200, 0.029348190, 0.004098158)
(0.054832030, -0.031080860, 0.016334000)
(0.054832030, -0.031080860, 0.016334000)
(-0.018251540, -0.069203120, -0.036609110)
(-0.018251540, -0.069203120, -0.036609110)
(-0.016334640, 0.049317330, -0.043847530)
(-0.016334640, 0.049317330, -0.043847530)
(0.071363060, -0.069509450, -0.047860590)
(0.071363060, -0.069509450, -0.047860590)
(0.064427460, -0.160377300, -0.118222300)
(0.064427460, -0.160377300, -0.118222300)
(0.058462660, -0.172524200, -0.177743900)
(0.058462660, -0.172524200, -0.177743900)
(-0.045677370, 0.052895950, -0.054220520)
(-0.045677370, 0.052895950, -0.054220520)
(0.007094701, 0.004566266, -0.115219000)
(0.007094701, 0.004566266, -0.115219000)
(-0.047847230, -0.025349170, -0.196242500)
(-0.047847230, -0.025349170, -0.196242500)
(-0.046387860, 0.333317700, -0.043728580)
(-0.046387860, 0.333317700, -0.043728580)
(0.089856890, 0.327461600, -0.063012540)
(0.089856890, 0.327461600, -0.063012540)
(0.076360750, 0.042509890, -0.200479900)
(0.076360750, 0.042509890, -0.200479900)
(-0.130302900, 0.098034450, -0.242701100)
(-0.130302900, 0.098034450, -0.242701100)
(-0.004056646, 0.305887400, -0.061014850)
(-0.004056646, 0.305887400, -0.061014850)
(0.042209030, 0.226303200, -0.159623500)
(0.042209030, 0.226303200, -0.159623500)
(-0.006111235, 0.068363680, -0.316395500)
(-0.006111235, 0.068363680, -0.316395500)
(-0.124393100, 0.117888200, -0.162010300)
(-0.089132320, 0.112564400, -0.133663300)
(-0.089132320, 0.112564400, -0.133663300)
(-0.089132320, 0.112564400, -0.133663300)
(-0.002336212, 0.119623600, -0.275437500)
(-0.002336212, 0.119623600, -0.275437500)
(0.073781790, 0.153908200, -0.264781800)
(0.073781790, 0.153908200, -0.264781800)
(0.030572730, 0.066356150, -0.176855100)
(0.073289110, -0.039562750, -0.213622500)
(0.073289110, -0.039562750, -0.213622500)
(0.165162500, 0.000327725, -0.153765900)
(0.165162500, 0.000327725, -0.153765900)
(0.096815020, 0.063562470, -0.049077420)
(0.096815020, 0.063562470, -0.049077420)
(-0.046230110, 0.017931800, -0.037546370)
(-0.046230110, 0.017931800, -0.037546370)
(-0.046230110, 0.017931800, -0.037546370)
(0.049526150, 0.011986460, -0.062192540)
(0.029027390, -0.001104394, -0.029121900)
(0.029027390, -0.001104394, -0.029121900)
(-0.067350970, 0.014512110, 0.005814344)
(-0.067350970, 0.014512110, 0.005814344)
(-0.079804050, 0.015249070, -0.005560138)
(-0.079804050, 0.015249070, -0.005560138)
(-0.032978680, -0.062028240, -0.034984380)
(-0.032978680, -0.062028240, -0.034984380)
(0.108129500, -0.139209300, -0.095900350)
(0.108129500, -0.139209300, -0.095900350)
(0.061842100, -0.099054570, -0.068425040)
(0.061842100, -0.099054570, -0.068425040)
(-0.096712480, -0.256140000, -0.057049500)
(-0.096712480, -0.256140000, -0.057049500)
(-0.043517650, -0.247135600, -0.140754800)
(-0.043517650, -0.247135600, -0.140754800)
(0.060907430, -0.203231700, -0.091377740)
(0.060907430, -0.203231700, -0.091377740)
(0.049681190, -0.234813600, 0.030588680)
(0.049681190, -0.234813600, 0.030588680)
(0.044450120, -0.364293900, -0.038549190)
(0.044450120, -0.364293900, -0.038549190)
(0.222726200, -0.469075500, -0.102390600)
(0.222726200, -0.469075500, -0.102390600)
(0.159350300, -0.403551100, -0.212587600)
(0.159350300, -0.403551100, -0.212587600)
(0.044818980, -0.355160800, -0.156153000)
(0.044818980, -0.355160800, -0.156153000)
(-0.039701170, -0.363268000, -0.145139300)
(-0.039701170, -0.363268000, -0.145139300)
(-0.019324140, -0.274275700, -0.130891800)
(-0.019324140, -0.274275700, -0.130891800)
(0.080495060, -0.177226600, -0.019577520)
(0.080495060, -0.177226600, -0.019577520)
(0.093341150, -0.144790200, -0.033407410)
(0.093341150, -0.144790200, -0.033407410)
(0.043606100, -0.050189660, -0.017128530)
(0.043606100, -0.050189660, -0.017128530)
(0.004143771, -0.019012110, -0.021706860)
(0.004143771, -0.019012110, -0.021706860)
(-0.002686532, 0.020189260, -0.011927720)
(-0.002686532, 0.020189260, -0.011927720)
(-0.001323864, 0.018143990, 0.014691410)
(-0.001323864, 0.018143990, 0.014691410)
(-0.004636048, -0.007710492, 0.070401610)
(-0.004636048, -0.007710492, 0.070401610)
(-0.002176124, -0.002729640, 0.082641980)
(0.032453830, -0.030391440, -0.056053290)
(0.032453830, -0.030391440, -0.056053290)
(0.032453830, -0.030391440, -0.056053290)
(0.055299900, -0.083290490, -0.129904700)
(0.055299900, -0.083290490, -0.129904700)
(0.025747960, -0.082025060, -0.116661700)
(-0.034229820, 0.050649050, 0.054794610)
(-0.034229820, 0.050649050, 0.054794610)
(-0.034229820, 0.050649050, 0.054794610)
(-0.022951950, 0.071532170, 0.064167540)
(-0.022951950, 0.071532170, 0.064167540)
(0.024461910, 0.052317590, -0.014835820)
(0.008942134, 0.069349870, 0.044813980)
(0.008942134, 0.069349870, 0.044813980)
(0.008942134, 0.069349870, 0.044813980)
