(-0.006120403, -0.004077390, 0.025720170)
(-0.006120403, -0.004077390, 0.025720170)
(-0.022839760, -0.064714880, -0.037903660)
(-0.022839760, -0.064714880, -0.037903660)
(-0.029649320, -0.105033000, -0.057952730)
(-0.029649320, -0.105033000, -0.057952730)
(-0.026685250, -0.146887500, -0.116202200)
(-0.026685250, -0.146887500, -0.116202200)
(-0.034720550, -0.179735900, -0.050701260)
(-0.034720550, -0.179735900, -0.050701260)
(0.007997800, -0.188574900, 0.058066030)
(0.007997800, -0.188574900, 0.058066030)
(0.002993993, -0.186371200, 0.042713430)
(0.002993993, -0.186371200, 0.042713430)
(-0.015601610, -0.205418100, 0.075610970)
(-0.015601610, -0.205418100, 0.075610970)
(-0.002997536, -0.219858900, -0.021658040)
(-0.002997536, -0.219858900, -0.021658040)
(-0.029092880, -0.171802500, 0.031427160)
(-0.029092880, -0.171802500, 0.031427160)
(0.024209690, -0.101160300, -0.054560540)
(0.024209690, -0.101160300, -0.054560540)
(0.014510940, 0.077443220, -0.007830191)
(0.014510940, 0.077443220, -0.007830191)
(0.021086230, 0.071875930, -0.071126200)
(0.021086230, 0.071875930, -0.071126200)
(-0.061062130, -0.094026330, -0.047953820)
(-0.061062130, -0.094026330, -0.047953820)
(-0.038118980, 0.004408385, -0.149321400)
(-0.038118980, 0.004408385, -0.149321400)
(0.019618620, 0.121342600, -0.254637100)
(0.019618620, 0.121342600, -0.254637100)
(-0.083860280, 0.034797270, -0.053035840)
(-0.083860280, 0.034797270, -0.053035840)
(-0.085160370, 0.080532290, -0.149181400)
(-0.085160370, 0.080532290, -0.149181400)
(0.078321740, 0.174718000, -0.181348500)
(0.078321740, 0.174718000, -0.181348500)
(-0.055380730, 0.051691630, -0.060459240)
(-0.055380730, 0.051691630, -0.060459240)
(0.039282960, 0.117030200, -0.168467400)
(0.039282960, 0.117030200, -0.168467400)
(0.034696900, 0.187995700, -0.085143970)
(0.089533640, 0.243854300, -0.066714560)
(0.089533640, 0.243854300, -0.066714560)
(0.089533640, 0.243854300, -0.066714560)
(0.007321026, 0.142825800, -0.066332620)
(0.007321026, 0.142825800, -0.066332620)
(0.005196550, 0.031911450, -0.100024100)
(0.005196550, 0.031911450, -0.100024100)
(0.011909750, 0.469367100, -0.112943200)
(0.011909750, 0.469367100, -0.112943200)
(0.004934932, 0.251230500, 0.026798330)
(0.004934932, 0.251230500, 0.026798330)
(-0.068403670, -0.109536200, 0.101622400)
(-0.049358070, -0.162113200, -0.129030700)
(-0.049358070, -0.162113200, -0.129030700)
(-0.049358070, -0.162113200, -0.129030700)
(0.066868090, -0.127883100, -0.208959400)
(-0.038570680, 0.017914680, 0.150420000)
(-0.038570680, 0.017914680, 0.150420000)
(-0.058186500, 0.155356600, -0.319991500)
(-0.058186500, 0.155356600, -0.319991500)
(-0.024509960, 0.075834640, -0.027372910)
(-0.024509960, 0.075834640, -0.027372910)
(-0.024509960, 0.075834640, -0.027372910)
(-0.085504170, -0.026357530, -0.062063430)
(0.164487700, 0.293336500, 0.115146000)
(0.164487700, 0.293336500, 0.115146000)
(0.164487700, 0.293336500, 0.115146000)
(-0.024834860, 0.124552300, 0.022379200)
(-0.030345000, 0.024070370, -0.048287170)
(-0.030345000, 0.024070370, -0.048287170)
(-0.030345000, 0.024070370, -0.048287170)
(0.030816690, 0.006042390, 0.141873500)
(0.030816690, 0.006042390, 0.141873500)
(0.034333530, 0.031830250, 0.118865800)
(0.022738090, 0.035469450, 0.244667900)
(0.022738090, 0.035469450, 0.244667900)
(-0.017016070, -0.084926140, 0.017556710)
(-0.017016070, -0.084926140, 0.017556710)
(-0.017016070, -0.084926140, 0.017556710)
(-0.109383400, -0.151384800, 0.188765900)
(-0.109383400, -0.151384800, 0.188765900)
(-0.099943760, -0.225026100, -0.028933430)
(0.029193930, 0.125742700, 0.114212500)
(0.029193930, 0.125742700, 0.114212500)
(0.029193930, 0.125742700, 0.114212500)
(-0.060464210, 0.203867800, 0.088703360)
(-0.060464210, 0.203867800, 0.088703360)
(-0.002098739, 0.361034100, 0.146685400)
(-0.115808700, -0.117132200, -0.172211600)
(-0.115808700, -0.117132200, -0.172211600)
(-0.115808700, -0.117132200, -0.172211600)
(0.074734110, 0.409101700, 0.167525000)
(-0.040504730, 0.045022290, -0.097733050)
(-0.040504730, 0.045022290, -0.097733050)
(0.190767300, 0.551677800, 0.157004100)
(0.190767300, 0.551677800, 0.157004100)
(0.190767300, 0.551677800, 0.157004100)
(-0.252488400, -0.231294500, -0.488586200)
(-0.252488400, -0.231294500, -0.488586200)
(-0.291562800, -0.260003000, -0.605376800)
(-0.008362431, 0.441703600, 0.193252300)
(-0.008362431, 0.441703600, 0.193252300)
(-0.008362431, 0.441703600, 0.193252300)
(-0.096144040, 0.130966900, -0.517341600)
(0.291330200, 0.382175000, -0.201900500)
(0.291330200, 0.382175000, -0.201900500)
(-0.216666000, -0.126131500, -0.315798000)
(-0.216666000, -0.126131500, -0.315798000)
(-0.216666000, -0.126131500, -0.315798000)
(0.277823600, 0.269350100, -0.248338600)
(0.277823600, 0.269350100, -0.248338600)
(0.042556890, -0.221714100, -0.127194900)
(-0.098426480, 0.048106600, -0.458154800)
(-0.098426480, 0.048106600, -0.458154800)
(-0.098426480, 0.048106600, -0.458154800)
(0.092166460, 0.357659200, 0.129834800)
(0.092166460, 0.357659200, 0.129834800)
(-0.092945900, 0.035371350, 0.105815100)
(0.009373539, 0.038961200, -0.383377800)
(0.009373539, 0.038961200, -0.383377800)
(0.009373539, 0.038961200, -0.383377800)
(0.076068790, 0.075517530, 0.082309780)
(0.132366000, -0.114374500, 0.132271400)
(0.132366000, -0.114374500, 0.132271400)
(0.044149410, -0.061998070, 0.080455180)
(0.044149410, -0.061998070, 0.080455180)
(0.044149410, -0.061998070, 0.080455180)
(-0.114111100, -0.225124700, -0.018801870)
(-0.114111100, -0.225124700, -0.018801870)
(-0.137959700, -0.228654700, -0.036253170)
(-0.137959700, -0.228654700, -0.036253170)
(0.072056550, -0.372715700, 0.137497600)
(0.072056550, -0.372715700, 0.137497600)
(0.099162700, -0.427470500, -0.036236540)
(0.099162700, -0.427470500, -0.036236540)
(0.145913500, -0.313496000, 0.055723520)
(-0.121114000, -0.316108000, -0.292175100)
(-0.121114000, -0.316108000, -0.292175100)
(0.029113360, -0.263641900, -0.353969500)
(0.029113360, -0.263641900, -0.353969500)
(0.029113360, -0.263641900, -0.353969500)
(0.090796570, -0.136604700, -0.394061700)
(0.044373270, -0.154683900, -0.323873600)
(0.044373270, -0.154683900, -0.323873600)
(0.011849540, -0.203191400, -0.299161100)
(0.011849540, -0.203191400, -0.299161100)
(-0.044779000, -0.219029700, -0.200695200)
(-0.044779000, -0.219029700, -0.200695200)
(0.019738500, -0.048048180, 0.190416300)
(0.019738500, -0.048048180, 0.190416300)
(-0.009471426, 0.030883880, 0.184600800)
(-0.009471426, 0.030883880, 0.184600800)
(-0.009471426, 0.030883880, 0.184600800)
(-0.007749093, 0.098557350, 0.158750800)
(0.035844030, 0.173320800, 0.036485400)
(0.035844030, 0.173320800, 0.036485400)
(0.002835664, 0.180025000, 0.008265570)
(0.002835664, 0.180025000, 0.008265570)
(0.002835664, 0.180025000, 0.008265570)
(0.019944430, 0.135696000, -0.007735180)
(-0.035310790, -0.002700666, 0.020047420)
(-0.035310790, -0.002700666, 0.020047420)
(-0.010477540, 0.024423910, 0.057246320)
(-0.010477540, 0.024423910, 0.057246320)
(0.001962710, 0.015422510, 0.059262560)
(0.001962710, 0.015422510, 0.059262560)
(-0.018627650, 0.019945340, 0.001784593)
(-0.018627650, 0.019945340, 0.001784593)
(-0.018627650, 0.019945340, 0.001784593)
(0.020969430, -0.065218400, 0.041969290)
(0.020969430, -0.065218400, 0.041969290)
(0.020969430, -0.065218400, 0.041969290)
(-0.025804950, 0.029245940, -0.018827840)
(-0.025804950, 0.029245940, -0.018827840)
(0.036232710, -0.038960610, -0.008425348)
(0.036232710, -0.038960610, -0.008425348)
(0.054794980, -0.002715946, -0.009835537)
(0.054794980, -0.002715946, -0.009835537)
(-0.009857061, 0.015840700, 0.028715600)
(-0.009857061, 0.015840700, 0.028715600)
(-0.009857061, 0.015840700, 0.028715600)
(-0.074282610, 0.042720940, 0.027366580)
(-0.057734250, -0.042037060, -0.046392510)
(-0.057734250, -0.042037060, -0.046392510)
(0.012839870, 0.049742550, -0.053972580)
(0.012839870, 0.049742550, -0.053972580)
(0.012839870, 0.049742550, -0.053972580)
(0.049718660, 0.005326476, 0.092580800)
(0.108794500, 0.018200180, 0.014690050)
(0.108794500, 0.018200180, 0.014690050)
(0.033836130, 0.043499220, 0.037327170)
(0.033836130, 0.043499220, 0.037327170)
(0.004224857, 0.043831380, -0.040430930)
(0.004224857, 0.043831380, -0.040430930)
(0.023297470, -0.015578350, -0.083367160)
(0.023297470, -0.015578350, -0.083367160)
(0.083208610, -0.024394740, 0.076915260)
(0.083208610, -0.024394740, 0.076915260)
