(-0.012914710, 0.006090945, 0.007920533)
(-0.012914710, 0.006090945, 0.007920533)
(-0.023106720, 0.009094171, 0.009373724)
(-0.023106720, 0.009094171, 0.009373724)
(-0.042493960, 0.013320660, 0.008745432)
(-0.042493960, 0.013320660, 0.008745432)
(-0.049060420, 0.013990830, 0.011119040)
(-0.049060420, 0.013990830, 0.011119040)
(-0.065350400, 0.019218890, 0.013652410)
(-0.065350400, 0.019218890, 0.013652410)
(-0.094919910, 0.024224900, 0.016680990)
(-0.094919910, 0.024224900, 0.016680990)
(-0.111694400, 0.028303570, 0.017729190)
(-0.111694400, 0.028303570, 0.017729190)
(-0.141662400, 0.033394630, 0.017988470)
(-0.141662400, 0.033394630, 0.017988470)
(-0.176323600, 0.037290820, 0.019788030)
(-0.176323600, 0.037290820, 0.019788030)
(-0.195878300, 0.040825780, 0.018751000)
(-0.195878300, 0.040825780, 0.018751000)
(-0.257154800, 0.053294810, 0.023257020)
(-0.257154800, 0.053294810, 0.023257020)
(-0.277558500, 0.054270650, 0.023332270)
(-0.277558500, 0.054270650, 0.023332270)
(-0.297327900, 0.057189350, 0.018714640)
(-0.297327900, 0.057189350, 0.018714640)
(-0.364117700, 0.078630870, 0.013532970)
(-0.364117700, 0.078630870, 0.013532970)
(-0.386754800, 0.083790890, 0.011299130)
(-0.386754800, 0.083790890, 0.011299130)
(-0.410408600, 0.090420040, 0.006855905)
(-0.410408600, 0.090420040, 0.006855905)
(-0.474183000, 0.111514000, -0.001267493)
(-0.474183000, 0.111514000, -0.001267493)
(-0.491742700, 0.114670000, -0.003331393)
(-0.491742700, 0.114670000, -0.003331393)
(-0.509990000, 0.118528200, -0.005997062)
(-0.509990000, 0.118528200, -0.005997062)
(-0.557887600, 0.131386700, -0.010186880)
(-0.557887600, 0.131386700, -0.010186880)
(-0.571985100, 0.134203800, -0.011083660)
(-0.571985100, 0.134203800, -0.011083660)
(-0.585218900, 0.136877400, -0.011986730)
(-0.585218900, 0.136877400, -0.011986730)
(-0.621543300, 0.146767600, -0.016138940)
(-0.621543300, 0.146767600, -0.016138940)
(-0.633279300, 0.151133700, -0.022639360)
(-0.633279300, 0.151133700, -0.022639360)
(-0.646618100, 0.163131300, -0.033616160)
(-0.646618100, 0.163131300, -0.033616160)
(-0.662868000, 0.175611400, -0.039355250)
(-0.662868000, 0.175611400, -0.039355250)
(-0.671389600, 0.180284000, -0.041470140)
(-0.671389600, 0.180284000, -0.041470140)
(-0.683079200, 0.188606600, -0.035079180)
(-0.683079200, 0.188606600, -0.035079180)
(-0.699833800, 0.198628000, -0.025206520)
(-0.699833800, 0.198628000, -0.025206520)
(-0.711780400, 0.200424800, -0.024370660)
(-0.711780400, 0.200424800, -0.024370660)
(-0.729543000, 0.204965400, -0.028744190)
(-0.729543000, 0.204965400, -0.028744190)
(-0.745719300, 0.205595500, -0.037006410)
(-0.745719300, 0.205595500, -0.037006410)
(-0.757628800, 0.207546600, -0.040691640)
(-0.757628800, 0.207546600, -0.040691640)
(-0.765861900, 0.205940100, -0.042935480)
(-0.765861900, 0.205940100, -0.042935480)
(-0.780975400, 0.202012400, -0.043786840)
(-0.780975400, 0.202012400, -0.043786840)
(-0.787135400, 0.201776100, -0.045329150)
(-0.787135400, 0.201776100, -0.045329150)
(-0.791977000, 0.205822800, -0.048104290)
(-0.791977000, 0.205822800, -0.048104290)
(-0.791695100, 0.210931800, -0.054377940)
(-0.791695100, 0.210931800, -0.054377940)
(-0.790536300, 0.213448900, -0.053386320)
(-0.790536300, 0.213448900, -0.053386320)
(-0.793680600, 0.213489000, -0.052044930)
(-0.793680600, 0.213489000, -0.052044930)
(-0.790028800, 0.209221600, -0.053159450)
(-0.790028800, 0.209221600, -0.053159450)
(-0.788350600, 0.206799700, -0.049368160)
(-0.788350600, 0.206799700, -0.049368160)
(-0.788758300, 0.204058900, -0.048913400)
(-0.788758300, 0.204058900, -0.048913400)
(-0.784673000, 0.202301400, -0.047076520)
(-0.784673000, 0.202301400, -0.047076520)
(-0.780937400, 0.204919400, -0.042225700)
(-0.780937400, 0.204919400, -0.042225700)
(-0.777189000, 0.204494800, -0.039979220)
(-0.777189000, 0.204494800, -0.039979220)
(-0.765608000, 0.204192000, -0.035168810)
(-0.765608000, 0.204192000, -0.035168810)
(-0.744435800, 0.208192400, -0.032563370)
(-0.744435800, 0.208192400, -0.032563370)
(-0.728914400, 0.207352600, -0.030137880)
(-0.728914400, 0.207352600, -0.030137880)
(-0.703977900, 0.194996100, -0.031361800)
(-0.703977900, 0.194996100, -0.031361800)
(-0.684890400, 0.198038300, -0.030862180)
(-0.684890400, 0.198038300, -0.030862180)
(-0.644201300, 0.187278800, -0.019750680)
(-0.644201300, 0.187278800, -0.019750680)
(-0.604537000, 0.169018800, -0.011951150)
(-0.604537000, 0.169018800, -0.011951150)
(-0.548481000, 0.141985900, 0.013117280)
(-0.548481000, 0.141985900, 0.013117280)
(-0.523125800, 0.129456900, 0.026732240)
(-0.523125800, 0.129456900, 0.026732240)
(-0.461263800, 0.118535200, 0.032789800)
(-0.461263800, 0.118535200, 0.032789800)
(-0.421110800, 0.132632300, 0.016351610)
(-0.421110800, 0.132632300, 0.016351610)
(-0.398276000, 0.143132100, 0.010697690)
(-0.398276000, 0.143132100, 0.010697690)
(-0.336560600, 0.121254900, 0.025344700)
(-0.336560600, 0.121254900, 0.025344700)
(-0.293162600, 0.105033000, 0.031061710)
(-0.293162600, 0.105033000, 0.031061710)
(-0.269193000, 0.104899900, 0.030725780)
(-0.269193000, 0.104899900, 0.030725780)
(-0.190217900, 0.065812010, 0.040020790)
(-0.190217900, 0.065812010, 0.040020790)
(-0.145896200, 0.045035970, 0.023784280)
(-0.145896200, 0.045035970, 0.023784280)
(-0.126412600, 0.047612730, 0.017551510)
(-0.126412600, 0.047612730, 0.017551510)
(-0.065292780, 0.027691110, 0.023622660)
(-0.065292780, 0.027691110, 0.023622660)
(-0.030882940, 0.010471060, 0.022109750)
(-0.030882940, 0.010471060, 0.022109750)
(-0.007431410, 0.003791407, 0.017857020)
(-0.007431410, 0.003791407, 0.017857020)
(0.035988300, -0.009365857, 0.016294450)
(0.035988300, -0.009365857, 0.016294450)
(0.064739060, -0.021114210, 0.014663340)
(0.064739060, -0.021114210, 0.014663340)
(0.071934350, -0.022137160, 0.013328370)
(0.071934350, -0.022137160, 0.013328370)
(0.082199190, -0.015392610, 0.003037423)
(0.082199190, -0.015392610, 0.003037423)
(0.077999850, -0.012839550, -0.010484490)
(0.077999850, -0.012839550, -0.010484490)
(0.073537250, -0.014634990, -0.015251370)
(0.073537250, -0.014634990, -0.015251370)
(0.067607710, -0.012788250, -0.032319010)
(0.067607710, -0.012788250, -0.032319010)
(0.068205040, -0.019478480, -0.041990970)
(0.068205040, -0.019478480, -0.041990970)
(0.067482360, -0.025780500, -0.041261760)
(0.067482360, -0.025780500, -0.041261760)
(0.074970880, -0.028942100, -0.033989070)
(0.074970880, -0.028942100, -0.033989070)
(0.073306630, -0.022476950, -0.031256350)
(0.073306630, -0.022476950, -0.031256350)
(0.069283820, -0.015440430, -0.028820990)
(0.069283820, -0.015440430, -0.028820990)
(0.064685890, -0.007862268, -0.029525610)
(0.064685890, -0.007862268, -0.029525610)
(0.063508740, -0.009804538, -0.029151290)
(0.063508740, -0.009804538, -0.029151290)
(0.062271120, -0.010899050, -0.028604060)
(0.062271120, -0.010899050, -0.028604060)
(0.058007750, -0.010200670, -0.030296060)
(0.058007750, -0.010200670, -0.030296060)
(0.057597090, -0.009059915, -0.031788080)
(0.057597090, -0.009059915, -0.031788080)
(0.056076310, -0.008015817, -0.032073440)
(0.056076310, -0.008015817, -0.032073440)
(0.050659460, -0.009332860, -0.031246190)
(0.050659460, -0.009332860, -0.031246190)
(0.044962530, -0.008379972, -0.030508910)
(0.044962530, -0.008379972, -0.030508910)
(0.039225840, -0.007580204, -0.029969720)
(0.039225840, -0.007580204, -0.029969720)
(0.028016740, -0.006706422, -0.030431030)
(0.028016740, -0.006706422, -0.030431030)
(0.025919240, -0.007140208, -0.029509540)
(0.025919240, -0.007140208, -0.029509540)
(0.025570990, -0.006659353, -0.030090750)
(0.025570990, -0.006659353, -0.030090750)
(0.026089440, -0.001310073, -0.029690860)
(0.026089440, -0.001310073, -0.029690860)
(0.023934630, 0.002291735, -0.028919610)
(0.023934630, 0.002291735, -0.028919610)
(0.020702670, 0.011071890, -0.027451130)
(0.020702670, 0.011071890, -0.027451130)
(0.009485360, 0.021437260, -0.033319560)
(0.009485360, 0.021437260, -0.033319560)
(0.011932980, 0.025696180, -0.035579980)
(0.011932980, 0.025696180, -0.035579980)
(0.014656480, 0.024815070, -0.036345090)
(0.014656480, 0.024815070, -0.036345090)
(0.012396800, 0.024580280, -0.039488700)
(0.012396800, 0.024580280, -0.039488700)
(0.004363418, 0.029639640, -0.043878380)
(0.004363418, 0.029639640, -0.043878380)
(-0.002926227, 0.029992310, -0.045005200)
(-0.002926227, 0.029992310, -0.045005200)
(-0.008072436, 0.026210720, -0.045655550)
