(-0.005042883, 0.145434800, 0.989355000)
(-0.000197642, 0.137122600, 0.990554000)
(-0.000197642, 0.137122600, 0.990554000)
(0.009267812, 0.137488000, 0.990460100)
(0.009267812, 0.137488000, 0.990460100)
(0.014122140, 0.134234900, 0.990848900)
(0.014122140, 0.134234900, 0.990848900)
(0.020390320, 0.144174600, 0.989342200)
(0.020390320, 0.144174600, 0.989342200)
(0.029763460, 0.158023700, 0.986986600)
(0.029763460, 0.158023700, 0.986986600)
(0.035779390, 0.199640500, 0.979215800)
(0.035779390, 0.199640500, 0.979215800)
(0.022329270, 0.245966200, 0.969021300)
(0.022329270, 0.245966200, 0.969021300)
(0.007250236, 0.261248900, 0.965244200)
(0.007250236, 0.261248900, 0.965244200)
(-0.012858360, 0.301221900, 0.953467400)
(-0.012858360, 0.301221900, 0.953467400)
(-0.009122626, 0.321334000, 0.946922000)
(-0.009122626, 0.321334000, 0.946922000)
(-0.008263783, 0.339128900, 0.940703600)
(-0.008263783, 0.339128900, 0.940703600)
(-0.027062790, 0.380172400, 0.924519500)
(-0.027062790, 0.380172400, 0.924519500)
(-0.030326970, 0.405073100, 0.913781200)
(-0.030326970, 0.405073100, 0.913781200)
(-0.032949570, 0.430543100, 0.901968400)
(-0.032949570, 0.430543100, 0.901968400)
(-0.018609660, 0.479195500, 0.877510800)
(-0.018609660, 0.479195500, 0.877510800)
(-0.010619150, 0.498427900, 0.866866100)
(-0.010619150, 0.498427900, 0.866866100)
(-0.003697134, 0.512362100, 0.858761500)
(-0.003697134, 0.512362100, 0.858761500)
(0.020186610, 0.516824000, 0.855853600)
(0.020186610, 0.516824000, 0.855853600)
(0.024915760, 0.521536600, 0.852865200)
(0.024915760, 0.521536600, 0.852865200)
(0.025976160, 0.524378100, 0.851089100)
(0.025976160, 0.524378100, 0.851089100)
(0.010626010, 0.512641900, 0.858536800)
(0.010626010, 0.512641900, 0.858536800)
(0.007531155, 0.519924000, 0.854179400)
(0.007531155, 0.519924000, 0.854179400)
(0.009170463, 0.520131500, 0.854037100)
(0.009170463, 0.520131500, 0.854037100)
(0.028759700, 0.491490800, 0.870407800)
(0.028759700, 0.491490800, 0.870407800)
(0.031658740, 0.487235400, 0.872696600)
(0.031658740, 0.487235400, 0.872696600)
(0.031237320, 0.481320300, 0.875987900)
(0.031237320, 0.481320300, 0.875987900)
(0.029546650, 0.473779300, 0.880147800)
(0.029546650, 0.473779300, 0.880147800)
(0.033942810, 0.469375000, 0.882346300)
(0.033942810, 0.469375000, 0.882346300)
(0.038002490, 0.466476500, 0.883716900)
(0.038002490, 0.466476500, 0.883716900)
(0.038819920, 0.466908300, 0.883453200)
(0.038819920, 0.466908300, 0.883453200)
(0.041403330, 0.464732200, 0.884482900)
(0.041403330, 0.464732200, 0.884482900)
(0.046434430, 0.464905900, 0.884141600)
(0.046434430, 0.464905900, 0.884141600)
(0.083563470, 0.464904500, 0.881408600)
(0.083563470, 0.464904500, 0.881408600)
(0.129660500, 0.460755900, 0.878004700)
(0.129660500, 0.460755900, 0.878004700)
(0.161223800, 0.456474500, 0.875007400)
(0.161223800, 0.456474500, 0.875007400)
(0.233898800, 0.438944500, 0.867536200)
(0.233898800, 0.438944500, 0.867536200)
(0.322896900, 0.431992900, 0.842092300)
(0.322896900, 0.431992900, 0.842092300)
(0.362778800, 0.434259200, 0.824506200)
(0.362778800, 0.434259200, 0.824506200)
(0.437512500, 0.433664700, 0.787729400)
(0.437512500, 0.433664700, 0.787729400)
(0.498058800, 0.417304700, 0.760127700)
(0.498058800, 0.417304700, 0.760127700)
(0.526887000, 0.411159300, 0.743866900)
(0.526887000, 0.411159300, 0.743866900)
(0.579715100, 0.399538100, 0.710140600)
(0.620024400, 0.385390200, 0.683406200)
(0.620024400, 0.385390200, 0.683406200)
(0.620024400, 0.385390200, 0.683406200)
(0.634852600, 0.380086100, 0.672678700)
(0.657429800, 0.377636100, 0.652056000)
(0.657429800, 0.377636100, 0.652056000)
(0.657429800, 0.377636100, 0.652056000)
(0.668193700, 0.377975500, 0.640821200)
(0.668193700, 0.377975500, 0.640821200)
(0.689124200, 0.361632100, 0.627957100)
(0.689124200, 0.361632100, 0.627957100)
(0.712096500, 0.323189100, 0.623271500)
(0.712096500, 0.323189100, 0.623271500)
(0.705668300, 0.344933900, 0.618912600)
(0.705668300, 0.344933900, 0.618912600)
(0.705597300, 0.342446200, 0.620373300)
(0.702360500, 0.336344900, 0.627345000)
(0.702360500, 0.336344900, 0.627345000)
(0.702360500, 0.336344900, 0.627345000)
(0.697321100, 0.351646900, 0.624570100)
(0.691586400, 0.358894900, 0.626819400)
(0.691586400, 0.358894900, 0.626819400)
(0.691586400, 0.358894900, 0.626819400)
(0.687945500, 0.354254000, 0.633431300)
(0.687945500, 0.354254000, 0.633431300)
(0.686693400, 0.350772400, 0.636718800)
(0.686693400, 0.350772400, 0.636718800)
(0.681234500, 0.355377700, 0.640020500)
(0.668825500, 0.362919600, 0.648815800)
(0.668825500, 0.362919600, 0.648815800)
(0.668825500, 0.362919600, 0.648815800)
(0.659761300, 0.358850700, 0.660258500)
(0.659761300, 0.358850700, 0.660258500)
(0.658701800, 0.359584700, 0.660916600)
(0.652225400, 0.359295900, 0.667464100)
(0.652225400, 0.359295900, 0.667464100)
(0.652225400, 0.359295900, 0.667464100)
(0.648410900, 0.357917200, 0.671906700)
(0.645068800, 0.358302800, 0.674911500)
(0.645068800, 0.358302800, 0.674911500)
(0.637812700, 0.353755300, 0.684143400)
(0.637812700, 0.353755300, 0.684143400)
(0.637812700, 0.353755300, 0.684143400)
(0.626829000, 0.353879100, 0.694157700)
(0.623780300, 0.354565000, 0.696549900)
(0.623780300, 0.354565000, 0.696549900)
(0.610278500, 0.361101300, 0.705100000)
(0.610278500, 0.361101300, 0.705100000)
(0.610278500, 0.361101300, 0.705100000)
(0.582232200, 0.371261600, 0.723305100)
(0.561272000, 0.391642000, 0.729102400)
(0.561272000, 0.391642000, 0.729102400)
(0.501689200, 0.415290500, 0.758842400)
(0.501689200, 0.415290500, 0.758842400)
(0.414528000, 0.418249000, 0.808229100)
(0.414528000, 0.418249000, 0.808229100)
(0.378357400, 0.419824100, 0.824980900)
(0.378357400, 0.419824100, 0.824980900)
(0.235109900, 0.427220300, 0.873044100)
(0.235109900, 0.427220300, 0.873044100)
(0.187288600, 0.436257300, 0.880115000)
(0.187288600, 0.436257300, 0.880115000)
(0.095573540, 0.419773900, 0.902582800)
(0.095573540, 0.419773900, 0.902582800)
(-0.001903903, 0.411224900, 0.911531900)
(-0.001903903, 0.411224900, 0.911531900)
(-0.049534940, 0.403285900, 0.913732300)
(-0.049534940, 0.403285900, 0.913732300)
(-0.146546100, 0.405678600, 0.902191300)
(-0.146546100, 0.405678600, 0.902191300)
(-0.227462900, 0.445665600, 0.865819200)
(-0.227462900, 0.445665600, 0.865819200)
(-0.272555000, 0.428591800, 0.861407600)
(-0.272555000, 0.428591800, 0.861407600)
(-0.327967600, 0.415679600, 0.848320500)
(-0.327967600, 0.415679600, 0.848320500)
(-0.356693100, 0.431122800, 0.828796100)
(-0.356693100, 0.431122800, 0.828796100)
(-0.358505500, 0.431284200, 0.827929700)
(-0.358505500, 0.431284200, 0.827929700)
(-0.343139400, 0.435096200, 0.832434000)
(-0.343139400, 0.435096200, 0.832434000)
(-0.333916100, 0.411832100, 0.847876500)
(-0.333916100, 0.411832100, 0.847876500)
(-0.335007100, 0.409286100, 0.848678500)
(-0.335007100, 0.409286100, 0.848678500)
(-0.345697500, 0.419977900, 0.839113700)
(-0.345697500, 0.419977900, 0.839113700)
(-0.353421600, 0.421760300, 0.834991800)
(-0.353421600, 0.421760300, 0.834991800)
(-0.350980400, 0.421670800, 0.836066000)
(-0.350980400, 0.421670800, 0.836066000)
(-0.333606800, 0.424727900, 0.841613100)
(-0.333606800, 0.424727900, 0.841613100)
(-0.326930700, 0.422849400, 0.845171500)
(-0.326930700, 0.422849400, 0.845171500)
(-0.325763400, 0.424208800, 0.844940800)
(-0.325763400, 0.424208800, 0.844940800)
(-0.323498200, 0.426948400, 0.844431200)
(-0.323498200, 0.426948400, 0.844431200)
(-0.321391500, 0.422991800, 0.847222200)
(-0.321391500, 0.422991800, 0.847222200)
(-0.320219900, 0.422966900, 0.847678200)
(-0.320219900, 0.422966900, 0.847678200)
(-0.312895500, 0.427560700, 0.848108700)
(-0.312895500, 0.427560700, 0.848108700)
(-0.305504200, 0.421898200, 0.853621100)
(-0.305504200, 0.421898200, 0.853621100)
(-0.300348600, 0.423596200, 0.854609300)
(-0.300348600, 0.423596200, 0.854609300)
(-0.292196300, 0.438474300, 0.849918500)
(-0.292196300, 0.438474300, 0.849918500)
(-0.267671200, 0.441698400, 0.856302800)
(-0.267671200, 0.441698400, 0.856302800)
(-0.250221500, 0.440762400, 0.862042800)
(-0.250221500, 0.440762400, 0.862042800)
(-0.199956900, 0.444134900, 0.873362100)
(-0.199956900, 0.444134900, 0.873362100)
(-0.144444200, 0.428271400, 0.892031100)
(-0.144444200, 0.428271400, 0.892031100)
(-0.110740000, 0.423877400, 0.898924200)
(-0.110740000, 0.423877400, 0.898924200)
(-0.005628502, 0.449221100, 0.893402900)
(-0.005628502, 0.449221100, 0.893402900)
(0.018826150, 0.454753000, 0.890418600)
(0.018826150, 0.454753000, 0.890418600)
(0.044860620, 0.459019000, 0.887293100)
(0.044860620, 0.459019000, 0.887293100)
(0.116747100, 0.449701100, 0.885516200)
(0.116747100, 0.449701100, 0.885516200)
(0.142310000, 0.453932300, 0.879598400)
(0.142310000, 0.453932300, 0.879598400)
(0.165094300, 0.459863000, 0.872507800)
(0.165094300, 0.459863000, 0.872507800)
(0.178305600, 0.467110000, 0.866034300)
(0.178305600, 0.467110000, 0.866034300)
(0.172331600, 0.470711400, 0.865293300)
(0.172331600, 0.470711400, 0.865293300)
(0.166309500, 0.468360800, 0.867743800)
(0.166309500, 0.468360800, 0.867743800)
(0.134144100, 0.456653000, 0.879473300)
(0.134144100, 0.456653000, 0.879473300)
(0.127720700, 0.454577400, 0.881502600)
(0.127720700, 0.454577400, 0.881502600)
(0.123995600, 0.452062100, 0.883326100)
(0.123995600, 0.452062100, 0.883326100)
(0.114140500, 0.447436700, 0.887001800)
(0.114140500, 0.447436700, 0.887001800)
(0.110028100, 0.448660700, 0.886903200)
(0.110028100, 0.448660700, 0.886903200)
(0.108918300, 0.449408300, 0.886661600)
(0.108918300, 0.449408300, 0.886661600)
(0.115839400, 0.446666100, 0.887170100)
(0.115839400, 0.446666100, 0.887170100)
(0.119504900, 0.445840100, 0.887099400)
(0.119504900, 0.445840100, 0.887099400)
(0.118866300, 0.443505900, 0.888354200)
(0.118866300, 0.443505900, 0.888354200)
(0.124753800, 0.445366100, 0.886614600)
(0.124753800, 0.445366100, 0.886614600)
(0.124449000, 0.439518500, 0.889570500)
(0.124449000, 0.439518500, 0.889570500)
(0.125039200, 0.430725300, 0.893779000)
(0.125039200, 0.430725300, 0.893779000)
(0.124216300, 0.414402100, 0.901577100)
(0.124216300, 0.414402100, 0.901577100)
(0.121475500, 0.412113000, 0.902998600)
(0.121475500, 0.412113000, 0.902998600)
(0.116044200, 0.410688600, 0.904360900)
(0.116044200, 0.410688600, 0.904360900)
(0.103950200, 0.399919400, 0.910636500)
(0.103950200, 0.399919400, 0.910636500)
(0.098914120, 0.390657900, 0.915206100)
(0.098914120, 0.390657900, 0.915206100)
(0.088356880, 0.382271900, 0.919815800)
(0.088356880, 0.382271900, 0.919815800)
(0.087852390, 0.366361300, 0.926316000)
(0.087852390, 0.366361300, 0.926316000)
(0.086724870, 0.356665300, 0.930198200)
(0.086724870, 0.356665300, 0.930198200)
(0.081956080, 0.336083700, 0.938259500)
(0.081956080, 0.336083700, 0.938259500)
(0.078019180, 0.313104600, 0.946508500)
(0.078019180, 0.313104600, 0.946508500)
(0.072138530, 0.301581100, 0.950707600)
(0.072138530, 0.301581100, 0.950707600)
(0.071597140, 0.292566700, 0.953561000)
(0.071597140, 0.292566700, 0.953561000)
(0.079092850, 0.266648500, 0.960543000)
(0.079092850, 0.266648500, 0.960543000)
(0.076248680, 0.244932400, 0.966537200)
(0.076248680, 0.244932400, 0.966537200)
(0.082045840, 0.230268100, 0.969662400)
(0.082727010, 0.203437100, 0.975586800)
(0.082727010, 0.203437100, 0.975586800)
(0.019127980, 0.217265100, 0.975925100)
(0.019127980, 0.217265100, 0.975925100)
(0.019127980, 0.217265100, 0.975925100)
(0.005824706, 0.209927900, 0.977699500)
(0.029571420, 0.148017500, 0.988542400)
(0.029571420, 0.148017500, 0.988542400)
(0.029571420, 0.148017500, 0.988542400)
(0.030293730, 0.103782700, 0.994138600)
(0.030293730, 0.103782700, 0.994138600)
(0.025047760, 0.102534500, 0.994414100)
(0.022216500, 0.035895850, 0.999108600)
(0.022216500, 0.035895850, 0.999108600)
(0.016164510, -0.018863110, 0.999691300)
(0.016164510, -0.018863110, 0.999691300)
(0.016164510, -0.018863110, 0.999691300)
(0.017971380, -0.009628973, 0.999792100)
(0.012797960, -0.009954020, 0.999868500)
