(0.002728101, -0.045316620, 0.026952110)
(-0.001885695, 0.014677970, 0.015494670)
(-0.001885695, 0.014677970, 0.015494670)
(-0.003799165, 0.065335360, 0.247252600)
(-0.003799165, 0.065335360, 0.247252600)
(0.061559720, 0.181339300, 0.375928700)
(0.061559720, 0.181339300, 0.375928700)
(0.003599019, 0.149339100, 0.405983400)
(0.003599019, 0.149339100, 0.405983400)
(0.003599019, 0.149339100, 0.405983400)
(0.011951090, -0.056551870, 0.104525400)
(0.011951090, -0.056551870, 0.104525400)
(0.028608760, -0.190541300, 0.025376600)
(0.052089360, -0.152552900, 0.151873500)
(0.052089360, -0.152552900, 0.151873500)
(0.031115300, -0.146214100, 0.053699210)
(0.031115300, -0.146214100, 0.053699210)
(-0.040976980, -0.039828850, -0.150169300)
(-0.040976980, -0.039828850, -0.150169300)
(0.058086610, 0.054622310, -0.046034050)
(0.058086610, 0.054622310, -0.046034050)
(0.049692740, -0.086231980, -0.083648880)
(0.049692740, -0.086231980, -0.083648880)
(0.017145080, -0.009779084, -0.095325220)
(0.017145080, -0.009779084, -0.095325220)
(0.016472300, -0.100852100, -0.103674300)
(0.016472300, -0.100852100, -0.103674300)
(0.006790790, -0.048596850, -0.088559610)
(0.006790790, -0.048596850, -0.088559610)
(0.055802020, -0.076351950, -0.157499100)
(0.055802020, -0.076351950, -0.157499100)
(-0.022730420, -0.091379180, -0.128802500)
(-0.022730420, -0.091379180, -0.128802500)
(0.009755010, -0.085237040, -0.111467400)
(0.009755010, -0.085237040, -0.111467400)
(0.024097900, -0.106415700, -0.083673690)
(0.024097900, -0.106415700, -0.083673690)
(0.035994030, -0.021332740, -0.074164610)
(0.035994030, -0.021332740, -0.074164610)
(0.028553320, -0.028326800, -0.057388600)
(0.028553320, -0.028326800, -0.057388600)
(0.012456830, -0.031207910, -0.036876920)
(0.012456830, -0.031207910, -0.036876920)
(0.018367960, -0.012038440, 0.073901060)
(0.018367960, -0.012038440, 0.073901060)
(0.013798920, -0.009910466, 0.025029910)
(0.013798920, -0.009910466, 0.025029910)
(0.037229380, -0.007940470, -0.009698515)
(0.037229380, -0.007940470, -0.009698515)
(-0.022024840, -0.045049710, -0.011638410)
(-0.022024840, -0.045049710, -0.011638410)
(0.003485054, -0.007482968, 0.006287648)
(0.003485054, -0.007482968, 0.006287648)
(-0.022873600, -0.034268880, 0.027710250)
(-0.022873600, -0.034268880, 0.027710250)
(0.028754070, -0.058594620, -0.022723480)
(0.028754070, -0.058594620, -0.022723480)
(0.040213260, -0.000662986, 0.088260080)
(0.040213260, -0.000662986, 0.088260080)
(-0.010673710, 0.017481980, 0.016490880)
(-0.010673710, 0.017481980, 0.016490880)
(0.020107990, -0.046004080, -0.012976830)
(0.020107990, -0.046004080, -0.012976830)
(0.013822820, -0.035077690, -0.019603490)
(0.013822820, -0.035077690, -0.019603490)
(0.074298590, 0.034027510, 0.002289698)
(0.074298590, 0.034027510, 0.002289698)
(0.002219591, -0.052848640, 0.080348300)
(0.002219591, -0.052848640, 0.080348300)
(0.004765335, -0.024135570, 0.080893570)
(0.004765335, -0.024135570, 0.080893570)
(0.025710920, -0.043394040, 0.017782430)
(0.025710920, -0.043394040, 0.017782430)
(0.045010230, -0.004251281, -0.055996010)
(0.045010230, -0.004251281, -0.055996010)
(0.045532490, -0.025131820, -0.012125910)
(0.045532490, -0.025131820, -0.012125910)
(-0.018952360, -0.023283050, -0.002356507)
(-0.018952360, -0.023283050, -0.002356507)
(0.009898699, -0.004932161, 0.080562630)
(0.009898699, -0.004932161, 0.080562630)
(-0.028506930, -0.058667260, -0.026023680)
(-0.028506930, -0.058667260, -0.026023680)
(0.022416930, -0.029507020, -0.092583180)
(0.022416930, -0.029507020, -0.092583180)
(-0.145362800, -0.061752200, -0.027145340)
(-0.145362800, -0.061752200, -0.027145340)
(-0.151665800, -0.034847090, -0.151404500)
(-0.151665800, -0.034847090, -0.151404500)
(-0.110759400, -0.045679070, 0.066777280)
(-0.110759400, -0.045679070, 0.066777280)
(-0.128645000, -0.259834100, 0.036335640)
(-0.128645000, -0.259834100, 0.036335640)
(0.170040600, 0.080667290, -0.165784100)
(0.170040600, 0.080667290, -0.165784100)
(0.003309631, -0.268448800, -0.054988820)
(0.003309631, -0.268448800, -0.054988820)
(0.066757340, -0.377869200, 0.061112900)
(0.066757340, -0.377869200, 0.061112900)
(-0.012798330, -0.114587200, 0.204825000)
(-0.012798330, -0.114587200, 0.204825000)
(0.150608000, 0.052046930, 0.002172806)
(0.150608000, 0.052046930, 0.002172806)
(0.099384640, -0.001566272, -0.127966500)
(0.099384640, -0.001566272, -0.127966500)
(0.042505420, -0.002020102, -0.224440400)
(0.042505420, -0.002020102, -0.224440400)
(-0.031754200, -0.098177160, -0.034510830)
(-0.031754200, -0.098177160, -0.034510830)
(0.048094830, -0.049389540, -0.020985860)
(0.048094830, -0.049389540, -0.020985860)
(0.113179800, -0.040786620, 0.016994330)
(0.113179800, -0.040786620, 0.016994330)
(-0.065588140, 0.074909670, 0.041835480)
(-0.065588140, 0.074909670, 0.041835480)
(-0.021265500, -0.001609668, -0.025407230)
(-0.021265500, -0.001609668, -0.025407230)
(-0.035397730, -0.085718800, -0.090980780)
(-0.035397730, -0.085718800, -0.090980780)
(-0.006492452, -0.066589440, 0.015742360)
(-0.006492452, -0.066589440, 0.015742360)
(-0.001963480, -0.066364240, 0.031708390)
(-0.001963480, -0.066364240, 0.031708390)
(-0.029642420, 0.004733143, 0.044039500)
(-0.029642420, 0.004733143, 0.044039500)
(-0.005264456, -0.027145630, 0.064871810)
(-0.005264456, -0.027145630, 0.064871810)
(-0.032849300, -0.036336880, 0.034464300)
(-0.032849300, -0.036336880, 0.034464300)
(-0.010805630, 0.035676030, 0.076755670)
(-0.010805630, 0.035676030, 0.076755670)
(-0.022603720, -0.145779300, 0.093786470)
(-0.022603720, -0.145779300, 0.093786470)
(-0.064948930, 0.053416250, 0.082885100)
(-0.064948930, 0.053416250, 0.082885100)
(-0.135089400, 0.217478000, -0.013739640)
(-0.135089400, 0.217478000, -0.013739640)
(-0.071482200, -0.039659680, -0.154109500)
(-0.071482200, -0.039659680, -0.154109500)
(-0.171153400, 0.284480900, -0.088683930)
(-0.171153400, 0.284480900, -0.088683930)
(-0.064975880, 0.024968500, -0.056847510)
(-0.064975880, 0.024968500, -0.056847510)
(0.020297090, -0.006359709, 0.120597500)
(0.020297090, -0.006359709, 0.120597500)
(0.037912360, -0.131908100, 0.101562700)
(0.037912360, -0.131908100, 0.101562700)
(0.048993880, -0.016791520, 0.050568810)
(0.048993880, -0.016791520, 0.050568810)
(0.076271710, -0.041605370, 0.115975300)
(0.076271710, -0.041605370, 0.115975300)
(0.092810230, 0.038272130, -0.133898800)
(0.092810230, 0.038272130, -0.133898800)
(0.149545200, 0.093014590, 0.073771140)
(0.149545200, 0.093014590, 0.073771140)
(0.082222120, 0.137954500, 0.122290100)
(0.082222120, 0.137954500, 0.122290100)
(-0.040074540, 0.215966500, 0.158905400)
(-0.040074540, 0.215966500, 0.158905400)
(0.095526160, 0.148961100, 0.176988500)
(0.095526160, 0.148961100, 0.176988500)
(-0.088275200, -0.033409570, -0.005671098)
(-0.088275200, -0.033409570, -0.005671098)
(0.067620840, -0.130315700, 0.074195920)
(0.067620840, -0.130315700, 0.074195920)
(0.008424229, -0.070305790, 0.012805970)
(0.008424229, -0.070305790, 0.012805970)
(0.042443420, -0.079227250, -0.119203500)
(0.042443420, -0.079227250, -0.119203500)
(-0.121469800, 0.081562190, 0.048951480)
(-0.121469800, 0.081562190, 0.048951480)
(-0.082086210, -0.014926600, -0.020131640)
(-0.038095620, -0.103513000, -0.082479340)
(-0.038095620, -0.103513000, -0.082479340)
(-0.038095620, -0.103513000, -0.082479340)
(0.082492490, 0.087319870, 0.042845980)
(0.058311820, 0.068572350, -0.004838852)
(0.058311820, 0.068572350, -0.004838852)
(-0.091642650, -0.001238717, 0.070940460)
(-0.091642650, -0.001238717, 0.070940460)
(0.051230170, -0.134183500, -0.052460470)
(0.051230170, -0.134183500, -0.052460470)
(-0.032493140, -0.002318726, -0.105873400)
(-0.032493140, -0.002318726, -0.105873400)
(0.097750870, 0.132723500, 0.031117910)
(0.097750870, 0.132723500, 0.031117910)
(-0.069808790, -0.025054050, 0.085437070)
(-0.069808790, -0.025054050, 0.085437070)
(-0.069808790, -0.025054050, 0.085437070)
(-0.011594940, -0.051683730, 0.121782700)
(0.068029400, 0.003457983, -0.002597292)
(0.068029400, 0.003457983, -0.002597292)
(0.013595420, -0.007467992, 0.047011880)
(0.013595420, -0.007467992, 0.047011880)
(0.020378450, -0.002873937, 0.109355600)
(0.020378450, -0.002873937, 0.109355600)
(0.055287730, 0.069937490, 0.066390630)
(0.055287730, 0.069937490, 0.066390630)
(0.054864070, 0.096394900, 0.153669200)
(0.054864070, 0.096394900, 0.153669200)
(0.090496390, 0.019613210, 0.092308110)
(0.090496390, 0.019613210, 0.092308110)
(-0.004221621, 0.011534960, 0.059515890)
(-0.004221621, 0.011534960, 0.059515890)
(0.148241500, -0.008901496, 0.113679500)
(0.148241500, -0.008901496, 0.113679500)
(0.061393600, -0.079169560, -0.043574170)
(0.061393600, -0.079169560, -0.043574170)
(-0.071631290, 0.207363100, 0.183083200)
(-0.071631290, 0.207363100, 0.183083200)
(-0.071631290, 0.207363100, 0.183083200)
(-0.071631290, 0.207363100, 0.183083200)
(0.249544700, -0.056439580, -0.416353400)
(0.249544700, -0.056439580, -0.416353400)
(-0.152214800, -0.363621300, 0.549556600)
(-0.152214800, -0.363621300, 0.549556600)
(-0.308133000, -0.425293100, 0.568918600)
(-0.308133000, -0.425293100, 0.568918600)
(-0.142034500, 0.014086670, -0.340562100)
(-0.142034500, 0.014086670, -0.340562100)
(0.034338290, -0.257121200, -0.544890300)
(0.034338290, -0.257121200, -0.544890300)
(0.034338290, -0.257121200, -0.544890300)
(0.034338290, -0.257121200, -0.544890300)
(-0.049932320, 0.068281020, 0.440480100)
(-0.049932320, 0.068281020, 0.440480100)
(0.110531600, 0.328280300, 0.074392460)
(0.110531600, 0.328280300, 0.074392460)
(0.032993480, 0.219227900, 0.158677600)
(0.032993480, 0.219227900, 0.158677600)
(0.036188910, -0.014851870, -0.062717680)
(0.036188910, -0.014851870, -0.062717680)
(-0.064161520, -0.009439884, -0.071088570)
(-0.064161520, -0.009439884, -0.071088570)
(-0.056432170, -0.020136500, 0.044119930)
(-0.056432170, -0.020136500, 0.044119930)
(0.084003180, -0.210025600, -0.055429350)
(0.084003180, -0.210025600, -0.055429350)
(0.037590460, 0.165080100, 0.100264100)
(0.037590460, 0.165080100, 0.100264100)
(0.029860360, 0.239046800, 0.096103400)
(0.029860360, 0.239046800, 0.096103400)
(-0.037603080, 0.013699770, -0.046025690)
(-0.037603080, 0.013699770, -0.046025690)
(0.127382800, -0.208903100, -0.108709300)
(0.127382800, -0.208903100, -0.108709300)
(0.034926560, -0.178913800, 0.013861880)
(0.034926560, -0.178913800, 0.013861880)
(-0.037175710, 0.015221120, -0.005183303)
(-0.037175710, 0.015221120, -0.005183303)
(-0.056896850, 0.184641900, 0.008325280)
(-0.056896850, 0.184641900, 0.008325280)
(-0.047258000, 0.077720080, -0.119175200)
(-0.047258000, 0.077720080, -0.119175200)
(0.039639280, -0.154689700, -0.031087270)
(0.039639280, -0.154689700, -0.031087270)
(-0.027179540, -0.057855290, 0.023719500)
(-0.027179540, -0.057855290, 0.023719500)
(-0.003093887, -0.082176090, -0.061232700)
(-0.003093887, -0.082176090, -0.061232700)
(-0.011483570, -0.029692810, -0.044437240)
(-0.011483570, -0.029692810, -0.044437240)
(0.015609180, -0.003044510, 0.001391129)
(0.015609180, -0.003044510, 0.001391129)
(0.000478106, -0.088049900, 0.015175890)
(0.000478106, -0.088049900, 0.015175890)
(-0.039841560, -0.035086390, -0.096691170)
(-0.039841560, -0.035086390, -0.096691170)
(0.026012850, -0.046753540, -0.075240750)
(0.026012850, -0.046753540, -0.075240750)
(-0.004975424, -0.009779571, -0.177575300)
(-0.004975424, -0.009779571, -0.177575300)
(-0.023923700, 0.066444450, -0.018507020)
(-0.023923700, 0.066444450, -0.018507020)
(-0.096125270, -0.145825700, -0.238721800)
(-0.096125270, -0.145825700, -0.238721800)
(-0.037996910, 0.193153700, 0.375086300)
(-0.037996910, 0.193153700, 0.375086300)
(-0.078000070, 0.113213300, 0.564373800)
(-0.078000070, 0.113213300, 0.564373800)
(0.105172600, 0.029642710, 0.030561750)
(0.105172600, 0.029642710, 0.030561750)
(0.015614160, -0.062605690, 0.050455810)
(0.015614160, -0.062605690, 0.050455810)
(-0.083639990, 0.050464200, 0.050248280)
(-0.083639990, 0.050464200, 0.050248280)
(0.007614800, -0.208799000, -0.263352700)
(0.007614800, -0.208799000, -0.263352700)
(0.062573220, -0.009907670, -0.136818500)
(0.062573220, -0.009907670, -0.136818500)
(0.048174340, 0.173224700, 0.419363900)
(0.048174340, 0.173224700, 0.419363900)
(0.019437700, 0.060287190, -0.009469788)
(0.019437700, 0.060287190, -0.009469788)
(-0.033908240, -0.134089100, -0.523320100)
(-0.033908240, -0.134089100, -0.523320100)
