(-0.009989239, -0.009023778, -0.015623510)
(-0.009989239, -0.009023778, -0.015623510)
(-0.015575420, -0.006962821, -0.015770230)
(-0.022071930, -0.005503446, -0.015191560)
(-0.022071930, -0.005503446, -0.015191560)
(-0.022071930, -0.005503446, -0.015191560)
(-0.054261740, -0.006071728, -0.011408210)
(-0.054261740, -0.006071728, -0.011408210)
(-0.080247730, -0.006778434, -0.011504650)
(-0.080247730, -0.006778434, -0.011504650)
(-0.097643760, -0.006667232, -0.011386040)
(-0.097643760, -0.006667232, -0.011386040)
(-0.135077300, -0.002239012, -0.015464630)
(-0.135077300, -0.002239012, -0.015464630)
(-0.175229100, 0.002924267, -0.016629820)
(-0.175229100, 0.002924267, -0.016629820)
(-0.196347600, 0.005943898, -0.016843200)
(-0.196347600, 0.005943898, -0.016843200)
(-0.237602400, 0.014904040, -0.017185150)
(-0.237602400, 0.014904040, -0.017185150)
(-0.280699100, 0.026044840, -0.017212450)
(-0.280699100, 0.026044840, -0.017212450)
(-0.302828700, 0.032137010, -0.014789280)
(-0.302828700, 0.032137010, -0.014789280)
(-0.347672500, 0.040965120, -0.015475330)
(-0.347672500, 0.040965120, -0.015475330)
(-0.391769200, 0.049684410, -0.012502700)
(-0.391769200, 0.049684410, -0.012502700)
(-0.414996000, 0.052148160, -0.009284258)
(-0.414996000, 0.052148160, -0.009284258)
(-0.455922800, 0.058652920, -0.005397797)
(-0.455922800, 0.058652920, -0.005397797)
(-0.497266700, 0.062048720, -0.007075936)
(-0.497266700, 0.062048720, -0.007075936)
(-0.515238500, 0.066264260, -0.009924412)
(-0.515238500, 0.066264260, -0.009924412)
(-0.553035600, 0.079629150, -0.016086490)
(-0.553035600, 0.079629150, -0.016086490)
(-0.586195400, 0.092319340, -0.016749950)
(-0.586195400, 0.092319340, -0.016749950)
(-0.603007100, 0.097283840, -0.014367910)
(-0.635724500, 0.104076200, -0.013206450)
(-0.635724500, 0.104076200, -0.013206450)
(-0.635724500, 0.104076200, -0.013206450)
(-0.663308700, 0.106518000, -0.021387550)
(-0.663308700, 0.106518000, -0.021387550)
(-0.676342400, 0.107647700, -0.024998310)
(-0.676342400, 0.107647700, -0.024998310)
(-0.698729800, 0.114939800, -0.027592720)
(-0.698729800, 0.114939800, -0.027592720)
(-0.719645700, 0.117325500, -0.026130860)
(-0.719645700, 0.117325500, -0.026130860)
(-0.725757600, 0.118543200, -0.024553720)
(-0.725757600, 0.118543200, -0.024553720)
(-0.740992500, 0.127457100, -0.022729340)
(-0.740992500, 0.127457100, -0.022729340)
(-0.754430400, 0.136522000, -0.023541720)
(-0.754430400, 0.136522000, -0.023541720)
(-0.757814900, 0.140562900, -0.025533410)
(-0.767751000, 0.153237600, -0.029059260)
(-0.767751000, 0.153237600, -0.029059260)
(-0.767751000, 0.153237600, -0.029059260)
(-0.777865800, 0.160360500, -0.033304990)
(-0.777865800, 0.160360500, -0.033304990)
(-0.777299900, 0.159607400, -0.032986610)
(-0.783967600, 0.160332600, -0.031643180)
(-0.783967600, 0.160332600, -0.031643180)
(-0.783967600, 0.160332600, -0.031643180)
(-0.786149500, 0.163955100, -0.032453920)
(-0.785386700, 0.165191000, -0.032672790)
(-0.785386700, 0.165191000, -0.032672790)
(-0.788660200, 0.168533400, -0.035017310)
(-0.788660200, 0.168533400, -0.035017310)
(-0.788660200, 0.168533400, -0.035017310)
(-0.786761800, 0.173277300, -0.038553510)
(-0.785249000, 0.174635600, -0.038403960)
(-0.785249000, 0.174635600, -0.038403960)
(-0.785249000, 0.174635600, -0.038403960)
(-0.778554700, 0.170362500, -0.033425750)
(-0.778554700, 0.170362500, -0.033425750)
(-0.775939400, 0.166878900, -0.031613890)
(-0.775939400, 0.166878900, -0.031613890)
(-0.773127300, 0.163522500, -0.030147430)
(-0.773127300, 0.163522500, -0.030147430)
(-0.757424500, 0.146170700, -0.019892750)
(-0.757424500, 0.146170700, -0.019892750)
(-0.747853300, 0.140743200, -0.016539810)
(-0.747853300, 0.140743200, -0.016539810)
(-0.737683500, 0.140168900, -0.014392230)
(-0.698810700, 0.137792300, -0.010946720)
(-0.698810700, 0.137792300, -0.010946720)
(-0.679686800, 0.140612900, -0.015489130)
(-0.679686800, 0.140612900, -0.015489130)
(-0.679686800, 0.140612900, -0.015489130)
(-0.660102000, 0.145814200, -0.017199700)
(-0.660102000, 0.145814200, -0.017199700)
(-0.597249600, 0.139555300, -0.018823240)
(-0.570384600, 0.140946600, -0.015156630)
(-0.570384600, 0.140946600, -0.015156630)
(-0.570384600, 0.140946600, -0.015156630)
(-0.547576800, 0.130885600, -0.009821773)
(-0.466304700, 0.129324600, -0.004289329)
(-0.466304700, 0.129324600, -0.004289329)
(-0.439344600, 0.117629100, -0.000288665)
(-0.439344600, 0.117629100, -0.000288665)
(-0.412688600, 0.101447300, 0.003617376)
(-0.412688600, 0.101447300, 0.003617376)
(-0.330477600, 0.070737000, 0.009863943)
(-0.330477600, 0.070737000, 0.009863943)
(-0.305421900, 0.055906630, 0.016625580)
(-0.305421900, 0.055906630, 0.016625580)
(-0.282474900, 0.047274600, 0.012597440)
(-0.282474900, 0.047274600, 0.012597440)
(-0.207938200, 0.040480270, -0.005830139)
(-0.207938200, 0.040480270, -0.005830139)
(-0.207938200, 0.040480270, -0.005830139)
(-0.189767900, 0.030467160, -0.002263755)
(-0.169815800, 0.022007500, -0.003903657)
(-0.169815800, 0.022007500, -0.003903657)
(-0.169815800, 0.022007500, -0.003903657)
(-0.108429700, 0.015489890, -0.001024663)
(-0.108429700, 0.015489890, -0.001024663)
(-0.093691110, 0.005184366, 0.008914828)
(-0.093691110, 0.005184366, 0.008914828)
(-0.069251500, -0.006067796, 0.013526620)
(-0.069251500, -0.006067796, 0.013526620)
(-0.045501260, -0.010733310, 0.009886146)
(-0.045501260, -0.010733310, 0.009886146)
(-0.017932830, -0.024030510, 0.011189970)
(-0.009028316, -0.029268950, 0.012816190)
(-0.009028316, -0.029268950, 0.012816190)
(-0.008186311, -0.032385350, 0.013029520)
(-0.008186311, -0.032385350, 0.013029520)
(-0.008186311, -0.032385350, 0.013029520)
(0.002085552, -0.029906270, 0.005548894)
(0.007208630, -0.024494640, 0.001258522)
(0.007208630, -0.024494640, 0.001258522)
(0.007208630, -0.024494640, 0.001258522)
(0.010093790, -0.017618950, -0.002520919)
(0.010093790, -0.017618950, -0.002520919)
(0.007229656, -0.009789031, -0.020164640)
(0.006238744, 0.001828663, -0.036308850)
(0.006238744, 0.001828663, -0.036308850)
(0.006238744, 0.001828663, -0.036308850)
(-0.013968010, 0.020822560, -0.056128920)
(-0.013968010, 0.020822560, -0.056128920)
(-0.013383880, 0.002779443, -0.047404410)
(-0.013111760, -0.011624160, -0.038475250)
(-0.013111760, -0.011624160, -0.038475250)
(-0.024507430, -0.027069390, -0.021873300)
(-0.024507430, -0.027069390, -0.021873300)
(-0.024507430, -0.027069390, -0.021873300)
(-0.031361320, -0.022918250, -0.017325190)
(-0.030081260, -0.015924530, -0.020323310)
(-0.030081260, -0.015924530, -0.020323310)
(-0.035776260, 0.000764273, -0.029947280)
(-0.035776260, 0.000764273, -0.029947280)
(-0.035776260, 0.000764273, -0.029947280)
(-0.037686260, 0.011781400, -0.033561770)
(-0.036652010, 0.013365910, -0.031378060)
(-0.036652010, 0.013365910, -0.031378060)
(-0.029578230, 0.014422970, -0.024314310)
(-0.029578230, 0.014422970, -0.024314310)
(-0.029578230, 0.014422970, -0.024314310)
(-0.029335190, 0.021082870, -0.029960660)
(-0.030904960, 0.022654670, -0.030674280)
(-0.030904960, 0.022654670, -0.030674280)
(-0.028600250, 0.020230980, -0.030118530)
(-0.028600250, 0.020230980, -0.030118530)
(-0.028600250, 0.020230980, -0.030118530)
(-0.032810490, 0.018409820, -0.030448410)
(-0.033537630, 0.016890230, -0.029404490)
(-0.033537630, 0.016890230, -0.029404490)
(-0.028793930, 0.009890396, -0.027472200)
(-0.028793930, 0.009890396, -0.027472200)
(-0.028793930, 0.009890396, -0.027472200)
(-0.026148020, 0.001841024, -0.029103550)
(-0.025036650, -0.001837127, -0.031723620)
(-0.025036650, -0.001837127, -0.031723620)
(-0.022531600, -0.007988028, -0.038338960)
(-0.022531600, -0.007988028, -0.038338960)
(-0.018726560, -0.014938730, -0.040956880)
(-0.018726560, -0.014938730, -0.040956880)
(-0.016341160, -0.017845980, -0.040427510)
(-0.016341160, -0.017845980, -0.040427510)
(-0.001304656, -0.025924180, -0.032833400)
(-0.001304656, -0.025924180, -0.032833400)
(0.000697136, -0.027557660, -0.029586050)
(0.000697136, -0.027557660, -0.029586050)
(0.001077652, -0.029546400, -0.026469920)
(0.001077652, -0.029546400, -0.026469920)
(-0.001749814, -0.035461170, -0.022576210)
(-0.001749814, -0.035461170, -0.022576210)
(-0.001749814, -0.035461170, -0.022576210)
(-0.005710080, -0.035877670, -0.022373080)
(-0.009550765, -0.035178790, -0.021866320)
(-0.009550765, -0.035178790, -0.021866320)
(-0.021093410, -0.025987180, -0.019095030)
(-0.021093410, -0.025987180, -0.019095030)
(-0.022252150, -0.021388230, -0.017510060)
(-0.022252150, -0.021388230, -0.017510060)
