(-0.190629700, 0.036610070, -0.003566593)
(-0.260141600, 0.053168200, -0.004522741)
(-0.260141600, 0.053168200, -0.004522741)
(-0.260141600, 0.053168200, -0.004522741)
(-0.284299300, 0.060373920, -0.004172862)
(-0.284299300, 0.060373920, -0.004172862)
(-0.307199700, 0.068520160, -0.004408866)
(-0.381110000, 0.094854380, -0.003182650)
(-0.381110000, 0.094854380, -0.003182650)
(-0.381110000, 0.094854380, -0.003182650)
(-0.404199000, 0.100221200, -0.005608976)
(-0.424666200, 0.106840600, -0.005941302)
(-0.424666200, 0.106840600, -0.005941302)
(-0.486237300, 0.119983600, -0.005899519)
(-0.486237300, 0.119983600, -0.005899519)
(-0.486237300, 0.119983600, -0.005899519)
(-0.503708500, 0.122102700, -0.006012619)
(-0.537892900, 0.125059100, -0.011292640)
(-0.537892900, 0.125059100, -0.011292640)
(-0.572060100, 0.132719700, -0.013045160)
(-0.572060100, 0.132719700, -0.013045160)
(-0.572060100, 0.132719700, -0.013045160)
(-0.590428700, 0.132980500, -0.015678850)
(-0.607520700, 0.132060600, -0.019208640)
(-0.607520700, 0.132060600, -0.019208640)
(-0.645608100, 0.142516300, -0.025783000)
(-0.645608100, 0.142516300, -0.025783000)
(-0.645608100, 0.142516300, -0.025783000)
(-0.667165600, 0.149014700, -0.031910540)
(-0.667165600, 0.149014700, -0.031910540)
(-0.667165600, 0.149014700, -0.031910540)
(-0.700464100, 0.147847800, -0.044086400)
(-0.700464100, 0.147847800, -0.044086400)
(-0.700464100, 0.147847800, -0.044086400)
(-0.721920400, 0.148307900, -0.046860610)
(-0.721920400, 0.148307900, -0.046860610)
(-0.721920400, 0.148307900, -0.046860610)
(-0.748970800, 0.136679700, -0.046491740)
(-0.748970800, 0.136679700, -0.046491740)
(-0.748970800, 0.136679700, -0.046491740)
(-0.755756500, 0.139544100, -0.044751320)
(-0.765059800, 0.141308400, -0.047090280)
(-0.765059800, 0.141308400, -0.047090280)
(-0.768093900, 0.146326300, -0.050408690)
(-0.768093900, 0.146326300, -0.050408690)
(-0.768093900, 0.146326300, -0.050408690)
(-0.773589700, 0.153869600, -0.051288380)
(-0.774044000, 0.156055100, -0.053104220)
(-0.774044000, 0.156055100, -0.053104220)
(-0.774688300, 0.158319700, -0.053817700)
(-0.774688300, 0.158319700, -0.053817700)
(-0.779755900, 0.159961700, -0.056581410)
(-0.779755900, 0.159961700, -0.056581410)
(-0.777404200, 0.162172900, -0.054745540)
(-0.777404200, 0.162172900, -0.054745540)
(-0.774215300, 0.164256600, -0.049798700)
(-0.774215300, 0.164256600, -0.049798700)
(-0.772879800, 0.161354300, -0.049712780)
(-0.772879800, 0.161354300, -0.049712780)
(-0.769900900, 0.159448000, -0.049353210)
(-0.769900900, 0.159448000, -0.049353210)
(-0.758367100, 0.157381800, -0.045339050)
(-0.758367100, 0.157381800, -0.045339050)
(-0.749417800, 0.157969500, -0.041343630)
(-0.749417800, 0.157969500, -0.041343630)
(-0.740141500, 0.157103700, -0.038815050)
(-0.740141500, 0.157103700, -0.038815050)
(-0.713008200, 0.151690200, -0.028487650)
(-0.713008200, 0.151690200, -0.028487650)
(-0.676403600, 0.153576000, -0.023671180)
(-0.676403600, 0.153576000, -0.023671180)
(-0.655284300, 0.149894900, -0.021289740)
(-0.655284300, 0.149894900, -0.021289740)
(-0.610252700, 0.147435300, -0.022290800)
(-0.610252700, 0.147435300, -0.022290800)
(-0.610252700, 0.147435300, -0.022290800)
(-0.555494100, 0.139349000, -0.019378600)
(-0.534940300, 0.133441800, -0.016458540)
(-0.534940300, 0.133441800, -0.016458540)
(-0.475445100, 0.125254000, -0.022378800)
(-0.475445100, 0.125254000, -0.022378800)
(-0.420229500, 0.123784400, -0.016463280)
(-0.420229500, 0.123784400, -0.016463280)
(-0.387532200, 0.115467200, -0.018326400)
(-0.387532200, 0.115467200, -0.018326400)
(-0.322602400, 0.101221500, -0.014142010)
(-0.322602400, 0.101221500, -0.014142010)
(-0.295891600, 0.086816390, -0.010297510)
(-0.295891600, 0.086816390, -0.010297510)
(-0.201391500, 0.039298390, 0.004700124)
(-0.201391500, 0.039298390, 0.004700124)
(-0.174854200, 0.018762060, 0.020188630)
(-0.174854200, 0.018762060, 0.020188630)
(-0.113895000, -0.008831436, 0.026660200)
(-0.113895000, -0.008831436, 0.026660200)
(-0.079431030, -0.008266194, 0.027235870)
(-0.079431030, -0.008266194, 0.027235870)
(-0.007491104, -0.026640720, 0.028433410)
(-0.007491104, -0.026640720, 0.028433410)
(0.006475128, -0.028144320, 0.018532930)
(0.006475128, -0.028144320, 0.018532930)
(0.018034930, -0.025475550, 0.007201821)
(0.018034930, -0.025475550, 0.007201821)
(0.033587250, -0.021778020, -0.012105490)
(0.033587250, -0.021778020, -0.012105490)
(0.033587250, -0.021778020, -0.012105490)
(0.046595700, -0.018049380, -0.028758940)
(0.059490580, -0.019823030, -0.035780520)
(0.059490580, -0.019823030, -0.035780520)
(0.063370080, -0.022561950, -0.033534970)
(0.063370080, -0.022561950, -0.033534970)
(0.063370080, -0.022561950, -0.033534970)
(0.053913240, -0.023545700, -0.027715560)
(0.048258400, -0.023425290, -0.025062710)
(0.048258400, -0.023425290, -0.025062710)
(0.027933580, -0.029101130, -0.006950200)
(0.027933580, -0.029101130, -0.006950200)
(0.027933580, -0.029101130, -0.006950200)
(0.023230760, -0.032361300, -0.001302242)
(0.019804070, -0.035858960, 0.004307717)
(0.019804070, -0.035858960, 0.004307717)
(0.027670410, -0.047688180, 0.012896810)
(0.027670410, -0.047688180, 0.012896810)
(0.027670410, -0.047688180, 0.012896810)
(0.033042040, -0.050894800, 0.013601180)
(0.034387970, -0.050836450, 0.013350520)
(0.034387970, -0.050836450, 0.013350520)
(0.024086550, -0.034192770, 0.012364770)
(0.024086550, -0.034192770, 0.012364770)
(0.024086550, -0.034192770, 0.012364770)
(0.020814230, -0.028016010, 0.010801020)
(0.017118190, -0.023791510, 0.009845048)
(0.017118190, -0.023791510, 0.009845048)
(0.011685120, -0.023136890, 0.009888440)
(0.011685120, -0.023136890, 0.009888440)
(0.011685120, -0.023136890, 0.009888440)
(0.010897230, -0.023324300, 0.010116990)
(0.010854240, -0.024375400, 0.010595470)
(0.010854240, -0.024375400, 0.010595470)
(0.014807730, -0.031920720, 0.014545260)
(0.014807730, -0.031920720, 0.014545260)
(0.014807730, -0.031920720, 0.014545260)
(0.016266700, -0.033179300, 0.015594840)
(0.016656380, -0.033555000, 0.016720860)
(0.016656380, -0.033555000, 0.016720860)
(0.018075720, -0.033189540, 0.016632050)
(0.018075720, -0.033189540, 0.016632050)
(0.018075720, -0.033189540, 0.016632050)
(0.016885830, -0.033338760, 0.015242040)
(0.013319880, -0.033656220, 0.012548630)
(0.013319880, -0.033656220, 0.012548630)
(0.008557841, -0.030852270, 0.008738279)
(0.008557841, -0.030852270, 0.008738279)
(0.008557841, -0.030852270, 0.008738279)
(0.005587384, -0.027934550, 0.008190006)
(0.005631804, -0.026401080, 0.008008629)
(0.005631804, -0.026401080, 0.008008629)
(0.006788068, -0.023914940, 0.006776810)
(0.006788068, -0.023914940, 0.006776810)
(0.006788068, -0.023914940, 0.006776810)
(0.005727425, -0.020668880, 0.007611811)
(0.003681920, -0.018324510, 0.007504404)
(0.003681920, -0.018324510, 0.007504404)
(-0.002146870, -0.012670380, 0.008262873)
(-0.002146870, -0.012670380, 0.008262873)
(-0.002146870, -0.012670380, 0.008262873)
(-0.006076247, -0.009482812, 0.010527940)
(-0.011794540, -0.004070437, 0.009934455)
(-0.011794540, -0.004070437, 0.009934455)
(-0.013715770, -0.007586678, 0.010788680)
(-0.013715770, -0.007586678, 0.010788680)
(-0.013715770, -0.007586678, 0.010788680)
(-0.011099880, -0.011137710, 0.013301130)
(-0.009992793, -0.009676088, 0.014565140)
(-0.009992793, -0.009676088, 0.014565140)
(-0.005720526, -0.007033005, 0.013990610)
(-0.005720526, -0.007033005, 0.013990610)
(-0.005720526, -0.007033005, 0.013990610)
(-0.000054620, -0.004061356, 0.011965070)
(0.001721799, -0.002469331, 0.009986818)
(0.001721799, -0.002469331, 0.009986818)
(0.002813935, -0.000601020, 0.003160715)
(0.002813935, -0.000601020, 0.003160715)
(0.003404446, 0.001816325, 0.000348538)
(0.003404446, 0.001816325, 0.000348538)
(0.005623005, 0.005689226, -0.002352953)
(0.005623005, 0.005689226, -0.002352953)
(0.006135806, 0.005603787, -0.003726035)
(0.006135806, 0.005603787, -0.003726035)
(0.006869435, 0.005013756, -0.004870087)
(0.006869435, 0.005013756, -0.004870087)
(0.004876703, 0.004481506, -0.006535053)
(0.004876703, 0.004481506, -0.006535053)
(0.008000538, 0.000289608, -0.005907357)
(0.008000538, 0.000289608, -0.005907357)
(0.011020350, -0.002989773, -0.006223470)
(0.011020350, -0.002989773, -0.006223470)
(0.008779086, -0.011068320, -0.002664596)
(0.008779086, -0.011068320, -0.002664596)
(0.007772721, -0.013125430, -0.001242697)
(0.007772721, -0.013125430, -0.001242697)
