(-0.015498970, 0.038907280, 0.999122700)
(-0.016670650, 0.037888990, 0.999142800)
(-0.016670650, 0.037888990, 0.999142800)
(-0.016567140, 0.037395220, 0.999163200)
(-0.016567140, 0.037395220, 0.999163200)
(-0.024168660, 0.049415310, 0.998485900)
(-0.024168660, 0.049415310, 0.998485900)
(-0.024168660, 0.049415310, 0.998485900)
(-0.033762710, 0.054863590, 0.997922900)
(-0.038530310, 0.101353500, 0.994104100)
(-0.038530310, 0.101353500, 0.994104100)
(-0.009592911, 0.154912200, 0.987881700)
(-0.009592911, 0.154912200, 0.987881700)
(0.004837440, 0.167663200, 0.985832600)
(0.004837440, 0.167663200, 0.985832600)
(0.019246230, 0.212958700, 0.976871600)
(0.019246230, 0.212958700, 0.976871600)
(0.020844620, 0.277368700, 0.960537400)
(0.020844620, 0.277368700, 0.960537400)
(0.020077920, 0.307383600, 0.951373900)
(0.020077920, 0.307383600, 0.951373900)
(0.004350656, 0.338797500, 0.940849200)
(0.004350656, 0.338797500, 0.940849200)
(-0.007125329, 0.384551800, 0.923075900)
(-0.007125329, 0.384551800, 0.923075900)
(-0.038201970, 0.420081400, 0.906682000)
(-0.038201970, 0.420081400, 0.906682000)
(-0.045091440, 0.416190600, 0.908158700)
(-0.045091440, 0.416190600, 0.908158700)
(-0.053457130, 0.427271900, 0.902541300)
(-0.053457130, 0.427271900, 0.902541300)
(-0.052275240, 0.435035600, 0.898894500)
(-0.052275240, 0.435035600, 0.898894500)
(-0.033809380, 0.438119900, 0.898280400)
(-0.033809380, 0.438119900, 0.898280400)
(-0.016383150, 0.429941400, 0.902708200)
(-0.016383150, 0.429941400, 0.902708200)
(-0.013872520, 0.424727000, 0.905215100)
(-0.013872520, 0.424727000, 0.905215100)
(-0.023481850, 0.412711700, 0.910559100)
(-0.023481850, 0.412711700, 0.910559100)
(-0.039339890, 0.430431900, 0.901765300)
(-0.039339890, 0.430431900, 0.901765300)
(-0.039367170, 0.433568500, 0.900260300)
(-0.039367170, 0.433568500, 0.900260300)
(-0.048485330, 0.433096100, 0.900042800)
(-0.048485330, 0.433096100, 0.900042800)
(-0.049276000, 0.430606300, 0.901193800)
(-0.049276000, 0.430606300, 0.901193800)
(-0.047440730, 0.423284500, 0.904753800)
(-0.047440730, 0.423284500, 0.904753800)
(-0.041977220, 0.417836100, 0.907552200)
(-0.041977220, 0.417836100, 0.907552200)
(-0.041708950, 0.422346800, 0.905474100)
(-0.041708950, 0.422346800, 0.905474100)
(-0.039954320, 0.425160100, 0.904235900)
(-0.039954320, 0.425160100, 0.904235900)
(-0.001915276, 0.420622900, 0.907233500)
(-0.001915276, 0.420622900, 0.907233500)
(0.014829280, 0.416860000, 0.908849700)
(0.014829280, 0.416860000, 0.908849700)
(0.037132520, 0.410365100, 0.911164900)
(0.037132520, 0.410365100, 0.911164900)
(0.136604400, 0.401454100, 0.905634600)
(0.136604400, 0.401454100, 0.905634600)
(0.176221100, 0.396996600, 0.900744000)
(0.176221100, 0.396996600, 0.900744000)
(0.220963900, 0.392150100, 0.892968900)
(0.220963900, 0.392150100, 0.892968900)
(0.342688800, 0.372196000, 0.862574300)
(0.342688800, 0.372196000, 0.862574300)
(0.376388200, 0.364524900, 0.851735700)
(0.376388200, 0.364524900, 0.851735700)
(0.409032300, 0.357777800, 0.839456700)
(0.409032300, 0.357777800, 0.839456700)
(0.501261100, 0.335487400, 0.797612400)
(0.501261100, 0.335487400, 0.797612400)
(0.530336400, 0.323740600, 0.783540100)
(0.530336400, 0.323740600, 0.783540100)
(0.553661500, 0.310398300, 0.772730100)
(0.553661500, 0.310398300, 0.772730100)
(0.591977500, 0.291806100, 0.751273600)
(0.591977500, 0.291806100, 0.751273600)
(0.606918400, 0.289434100, 0.740187800)
(0.606918400, 0.289434100, 0.740187800)
(0.618788800, 0.286321600, 0.731519200)
(0.618788800, 0.286321600, 0.731519200)
(0.620087600, 0.298176000, 0.725660100)
(0.620087600, 0.298176000, 0.725660100)
(0.617768600, 0.292937200, 0.729760100)
(0.617768600, 0.292937200, 0.729760100)
(0.617768600, 0.292937200, 0.729760100)
(0.617768600, 0.292937200, 0.729760100)
(0.604896100, 0.288339800, 0.742267400)
(0.604896100, 0.288339800, 0.742267400)
(0.603874600, 0.292443700, 0.741493200)
(0.603874600, 0.292443700, 0.741493200)
(0.598733400, 0.301455600, 0.742053100)
(0.598733400, 0.301455600, 0.742053100)
(0.592616300, 0.299404800, 0.747771800)
(0.592616300, 0.299404800, 0.747771800)
(0.589641800, 0.296742700, 0.751176700)
(0.589641800, 0.296742700, 0.751176700)
(0.589641800, 0.296742700, 0.751176700)
(0.589641800, 0.296742700, 0.751176700)
(0.577896400, 0.299832000, 0.759036700)
(0.577896400, 0.299832000, 0.759036700)
(0.570348900, 0.297207100, 0.765748000)
(0.570348900, 0.297207100, 0.765748000)
(0.565846400, 0.297420100, 0.768998700)
(0.565846400, 0.297420100, 0.768998700)
(0.554891000, 0.298917600, 0.776366100)
(0.547248800, 0.305083700, 0.779386000)
(0.547248800, 0.305083700, 0.779386000)
(0.547248800, 0.305083700, 0.779386000)
(0.541594300, 0.304268600, 0.783642800)
(0.541594300, 0.304268600, 0.783642800)
(0.524810400, 0.302832800, 0.795529000)
(0.524810400, 0.302832800, 0.795529000)
(0.492722900, 0.295835300, 0.818355400)
(0.492722900, 0.295835300, 0.818355400)
(0.474831500, 0.289619900, 0.831056900)
(0.474831500, 0.289619900, 0.831056900)
(0.421129200, 0.337365500, 0.841923200)
(0.421129200, 0.337365500, 0.841923200)
(0.363222900, 0.336055600, 0.868985400)
(0.363222900, 0.336055600, 0.868985400)
(0.317902700, 0.350023900, 0.881147600)
(0.242295300, 0.362827100, 0.899805200)
(0.242295300, 0.362827100, 0.899805200)
(0.242295300, 0.362827100, 0.899805200)
(0.176650300, 0.338031800, 0.924407400)
(0.152845600, 0.346753100, 0.925419100)
(0.152845600, 0.346753100, 0.925419100)
(0.098124130, 0.349119900, 0.931926400)
(0.098124130, 0.349119900, 0.931926400)
(0.098124130, 0.349119900, 0.931926400)
(0.015532670, 0.336194900, 0.941664400)
(0.015532670, 0.336194900, 0.941664400)
(-0.019702010, 0.334029200, 0.942356700)
(-0.088754420, 0.342955700, 0.935149200)
(-0.088754420, 0.342955700, 0.935149200)
(-0.088754420, 0.342955700, 0.935149200)
(-0.159230400, 0.336887500, 0.927983100)
(-0.197105200, 0.338005900, 0.920272400)
(-0.197105200, 0.338005900, 0.920272400)
(-0.263585700, 0.326625000, 0.907655600)
(-0.263585700, 0.326625000, 0.907655600)
(-0.263585700, 0.326625000, 0.907655600)
(-0.307751400, 0.314410800, 0.898017200)
(-0.307751400, 0.314410800, 0.898017200)
(-0.318025100, 0.315045600, 0.894207100)
(-0.352238000, 0.336124700, 0.873469200)
(-0.352238000, 0.336124700, 0.873469200)
(-0.352238000, 0.336124700, 0.873469200)
(-0.348458700, 0.347884400, 0.870375200)
(-0.348458700, 0.347884400, 0.870375200)
(-0.345103200, 0.347035500, 0.872049300)
(-0.362343400, 0.334806900, 0.869834300)
(-0.362343400, 0.334806900, 0.869834300)
(-0.361028600, 0.331848600, 0.871513000)
(-0.361028600, 0.331848600, 0.871513000)
(-0.357588400, 0.327480000, 0.874578400)
(-0.357588400, 0.327480000, 0.874578400)
(-0.355845800, 0.321549900, 0.877484700)
(-0.355845800, 0.321549900, 0.877484700)
(-0.355845800, 0.321549900, 0.877484700)
(-0.352796300, 0.319627500, 0.879416300)
(-0.350855700, 0.319576400, 0.880210800)
(-0.350855700, 0.319576400, 0.880210800)
(-0.337253100, 0.313949500, 0.887522400)
(-0.337253100, 0.313949500, 0.887522400)
(-0.337253100, 0.313949500, 0.887522400)
(-0.335629400, 0.315462400, 0.887601500)
(-0.333895300, 0.315071300, 0.888394100)
(-0.333895300, 0.315071300, 0.888394100)
(-0.334083900, 0.307606000, 0.890935800)
(-0.334083900, 0.307606000, 0.890935800)
(-0.334083900, 0.307606000, 0.890935800)
(-0.334223600, 0.307854900, 0.890797400)
(-0.333126300, 0.311195100, 0.890047400)
(-0.333126300, 0.311195100, 0.890047400)
(-0.318464200, 0.309914600, 0.895842300)
(-0.318464200, 0.309914600, 0.895842300)
(-0.313799800, 0.312818700, 0.896478700)
(-0.313799800, 0.312818700, 0.896478700)
(-0.308780400, 0.317784900, 0.896475000)
(-0.308780400, 0.317784900, 0.896475000)
(-0.291582200, 0.319369100, 0.901655800)
(-0.291582200, 0.319369100, 0.901655800)
(-0.282070700, 0.320184900, 0.904388100)
(-0.282070700, 0.320184900, 0.904388100)
(-0.270332100, 0.325751500, 0.905983600)
(-0.270332100, 0.325751500, 0.905983600)
(-0.214382300, 0.347504400, 0.912842200)
(-0.214382300, 0.347504400, 0.912842200)
(-0.193406800, 0.345391600, 0.918312900)
(-0.193406800, 0.345391600, 0.918312900)
(-0.146265600, 0.337330100, 0.929954100)
(-0.146265600, 0.337330100, 0.929954100)
(-0.086042200, 0.350928600, 0.932440800)
(-0.086042200, 0.350928600, 0.932440800)
(-0.060830470, 0.353810500, 0.933337000)
(-0.060830470, 0.353810500, 0.933337000)
(-0.010131490, 0.347552200, 0.937606000)
(-0.010131490, 0.347552200, 0.937606000)
(0.064127190, 0.358020800, 0.931508800)
(0.064127190, 0.358020800, 0.931508800)
(0.100178000, 0.360132500, 0.927506900)
(0.100178000, 0.360132500, 0.927506900)
(0.143578700, 0.369318500, 0.918144300)
(0.143578700, 0.369318500, 0.918144300)
(0.184008000, 0.375903000, 0.908205900)
(0.184008000, 0.375903000, 0.908205900)
(0.201547600, 0.379061300, 0.903156200)
(0.201547600, 0.379061300, 0.903156200)
(0.212842900, 0.375764800, 0.901941600)
(0.212842900, 0.375764800, 0.901941600)
(0.201408100, 0.379404500, 0.903043200)
(0.201408100, 0.379404500, 0.903043200)
(0.188397200, 0.375061100, 0.907653900)
(0.188397200, 0.375061100, 0.907653900)
(0.173618900, 0.357793900, 0.917518300)
(0.173618900, 0.357793900, 0.917518300)
(0.154524500, 0.371878500, 0.915329700)
(0.154524500, 0.371878500, 0.915329700)
(0.149318900, 0.374671000, 0.915054900)
(0.149318900, 0.374671000, 0.915054900)
(0.156222100, 0.370086500, 0.915767800)
(0.156222100, 0.370086500, 0.915767800)
(0.161213500, 0.379382600, 0.911086700)
(0.161213500, 0.379382600, 0.911086700)
(0.157825400, 0.382508800, 0.910372500)
(0.157825400, 0.382508800, 0.910372500)
(0.152229100, 0.371634000, 0.915813600)
(0.152229100, 0.371634000, 0.915813600)
(0.150443500, 0.368274300, 0.917464300)
(0.150443500, 0.368274300, 0.917464300)
(0.148667800, 0.365299700, 0.918941800)
(0.148667800, 0.365299700, 0.918941800)
(0.144282300, 0.369204500, 0.918079900)
(0.144282300, 0.369204500, 0.918079900)
(0.135182000, 0.369368300, 0.919398100)
(0.135182000, 0.369368300, 0.919398100)
(0.133448900, 0.362925200, 0.922212900)
(0.133448900, 0.362925200, 0.922212900)
(0.118245100, 0.357917600, 0.926235900)
(0.118245100, 0.357917600, 0.926235900)
(0.114110600, 0.356444100, 0.927322200)
(0.114110600, 0.356444100, 0.927322200)
(0.105424200, 0.351849500, 0.930101000)
(0.105424200, 0.351849500, 0.930101000)
(0.082717600, 0.341240100, 0.936329400)
(0.082717600, 0.341240100, 0.936329400)
(0.079595620, 0.338537100, 0.937580500)
(0.079595620, 0.338537100, 0.937580500)
(0.076749970, 0.336721600, 0.938471100)
(0.076749970, 0.336721600, 0.938471100)
(0.064459410, 0.335403600, 0.939866700)
(0.064459410, 0.335403600, 0.939866700)
(0.059678470, 0.324727300, 0.943923000)
(0.059678470, 0.324727300, 0.943923000)
(0.058532560, 0.310079800, 0.948907000)
(0.058532560, 0.310079800, 0.948907000)
(0.060341840, 0.273264300, 0.960044500)
(0.060341840, 0.273264300, 0.960044500)
(0.062182430, 0.263710600, 0.962595500)
(0.062182430, 0.263710600, 0.962595500)
(0.062681000, 0.252369800, 0.965598500)
(0.062681000, 0.252369800, 0.965598500)
(0.055244260, 0.211155800, 0.975890000)
(0.055244260, 0.211155800, 0.975890000)
(0.046327080, 0.187407600, 0.981189200)
(0.046327080, 0.187407600, 0.981189200)
(0.037941660, 0.160672700, 0.986278200)
(0.037941660, 0.160672700, 0.986278200)
(0.044388250, 0.123563000, 0.991343400)
(0.044388250, 0.123563000, 0.991343400)
(0.028292390, 0.117659700, 0.992650900)
(0.028292390, 0.117659700, 0.992650900)
(0.004197714, 0.118114200, 0.992991100)
(0.004197714, 0.118114200, 0.992991100)
(-0.009442527, 0.086083640, 0.996243100)
(-0.009442527, 0.086083640, 0.996243100)
(-0.011186490, 0.068077940, 0.997617200)
(-0.011186490, 0.068077940, 0.997617200)
(-0.011186490, 0.068077940, 0.997617200)
(-0.011186490, 0.068077940, 0.997617200)
(-0.000730966, 0.046157050, 0.998933900)
(-0.000730966, 0.046157050, 0.998933900)
(-0.005391464, 0.029913320, 0.999537900)
(-0.005391464, 0.029913320, 0.999537900)
(-0.006524478, 0.027677790, 0.999595500)
(-0.006524478, 0.027677790, 0.999595500)
(-0.010675300, 0.020901450, 0.999724600)
(-0.010675300, 0.020901450, 0.999724600)
