(0.125674300, -0.626384300, -0.769317100)
(0.125674300, -0.626384300, -0.769317100)
(0.132315400, -0.677865300, -0.723181400)
(0.132315400, -0.677865300, -0.723181400)
(0.126154300, -0.725762000, -0.676280000)
(0.126154300, -0.725762000, -0.676280000)
(0.116695300, -0.780011000, -0.614788600)
(0.116695300, -0.780011000, -0.614788600)
(0.116695300, -0.780011000, -0.614788600)
(0.114035800, -0.806350100, -0.580340700)
(0.114035800, -0.806350100, -0.580340700)
(0.110016000, -0.852922400, -0.510313600)
(0.097966130, -0.889358500, -0.446591600)
(0.097966130, -0.889358500, -0.446591600)
(0.088849630, -0.903498100, -0.419281500)
(0.064697830, -0.945775000, -0.318314400)
(0.064697830, -0.945775000, -0.318314400)
(0.058316750, -0.956124500, -0.287097700)
(0.052531040, -0.970994500, -0.233259800)
(0.052531040, -0.970994500, -0.233259800)
(0.053803000, -0.976763500, -0.207456800)
(0.053803000, -0.976763500, -0.207456800)
(0.043978150, -0.988681600, -0.143438800)
(0.043978150, -0.988681600, -0.143438800)
(0.042058230, -0.991683000, -0.121638600)
(0.042058230, -0.991683000, -0.121638600)
(0.043080380, -0.994480300, -0.095671390)
(0.043080380, -0.994480300, -0.095671390)
(0.047710720, -0.998434300, -0.029199210)
(0.055473710, -0.998402400, -0.010730210)
(0.055473710, -0.998402400, -0.010730210)
(0.062771310, -0.998009600, 0.006047515)
(0.062771310, -0.998009600, 0.006047515)
(0.062771310, -0.998009600, 0.006047515)
(0.062771310, -0.998009600, 0.006047515)
(0.058047120, -0.998310300, 0.002640049)
(0.058047120, -0.998310300, 0.002640049)
(0.052454780, -0.998564500, 0.010838710)
(0.052454780, -0.998564500, 0.010838710)
(0.051290090, -0.998608100, 0.012299210)
(0.051290090, -0.998608100, 0.012299210)
(0.052051880, -0.998520900, 0.015704350)
(0.052051880, -0.998520900, 0.015704350)
(0.057581470, -0.998241500, 0.014074840)
(0.057581470, -0.998241500, 0.014074840)
(0.059225650, -0.998190200, 0.010422570)
(0.052614910, -0.998596700, 0.006011521)
(0.052614910, -0.998596700, 0.006011521)
(0.052614910, -0.998596700, 0.006011521)
(0.039961740, -0.999187300, 0.005256834)
(0.039961740, -0.999187300, 0.005256834)
(0.032192260, -0.999480100, 0.001801583)
(0.012590390, -0.999874100, -0.009656698)
(0.012590390, -0.999874100, -0.009656698)
(0.012545330, -0.999900400, -0.006472806)
(0.012545330, -0.999900400, -0.006472806)
(0.018576180, -0.999822300, -0.003181454)
(0.018576180, -0.999822300, -0.003181454)
(0.023654420, -0.999673400, -0.009670057)
(0.023654420, -0.999673400, -0.009670057)
(0.025624980, -0.999540100, -0.016218700)
(0.038355520, -0.998326800, -0.043271490)
(0.038355520, -0.998326800, -0.043271490)
(0.038355520, -0.998326800, -0.043271490)
(0.045613160, -0.996342600, -0.072256650)
(0.045613160, -0.996342600, -0.072256650)
(0.025702090, -0.993599800, -0.109994700)
(0.025702090, -0.993599800, -0.109994700)
(0.019243730, -0.990224100, -0.138152100)
(0.030796100, -0.974278500, -0.223233100)
(0.030796100, -0.974278500, -0.223233100)
(0.030796100, -0.974278500, -0.223233100)
(0.041577240, -0.964059900, -0.262411600)
(0.052875940, -0.952759400, -0.299088300)
(0.052875940, -0.952759400, -0.299088300)
(0.050753090, -0.918371000, -0.392452200)
(0.050753090, -0.918371000, -0.392452200)
(0.058246340, -0.899004800, -0.434048100)
(0.058246340, -0.899004800, -0.434048100)
(0.070746850, -0.855736300, -0.512552800)
(0.070746850, -0.855736300, -0.512552800)
(0.083251890, -0.799931500, -0.594288500)
(0.083251890, -0.799931500, -0.594288500)
(0.094438150, -0.771592600, -0.629067800)
(0.094438150, -0.771592600, -0.629067800)
(0.101983500, -0.692116900, -0.714544200)
(0.101983500, -0.692116900, -0.714544200)
(0.109631400, -0.663472400, -0.740125400)
(0.109631400, -0.663472400, -0.740125400)
(0.118457800, -0.637301900, -0.761455300)
(0.118457800, -0.637301900, -0.761455300)
(0.113622200, -0.569912100, -0.813812200)
(0.113622200, -0.569912100, -0.813812200)
(0.113702900, -0.529916200, -0.840392900)
(0.113702900, -0.529916200, -0.840392900)
(0.114241800, -0.515472300, -0.849256800)
(0.114241800, -0.515472300, -0.849256800)
(0.101459400, -0.486557400, -0.867737300)
(0.101459400, -0.486557400, -0.867737300)
(0.096401720, -0.461587400, -0.881841100)
(0.096401720, -0.461587400, -0.881841100)
(0.097168790, -0.452762800, -0.886320500)
(0.097168790, -0.452762800, -0.886320500)
(0.098821100, -0.435921700, -0.894542600)
