(0.085646610, -0.733323500, -0.065580840)
(0.085646610, -0.733323500, -0.065580840)
(-0.044619870, -0.344975600, 0.027714140)
(-0.044619870, -0.344975600, 0.027714140)
(-0.007815933, -0.304513100, 0.093146100)
(-0.007815933, -0.304513100, 0.093146100)
(-0.019871180, -0.163805900, 0.076832700)
(-0.019871180, -0.163805900, 0.076832700)
(-0.035392780, -0.127400800, -0.073725100)
(-0.035392780, -0.127400800, -0.073725100)
(-0.017760140, -0.113411100, -0.069370630)
(-0.017760140, -0.113411100, -0.069370630)
(-0.014121260, 0.023391620, -0.027569140)
(-0.014121260, 0.023391620, -0.027569140)
(0.022118570, 0.173325100, -0.462837300)
(0.022118570, 0.173325100, -0.462837300)
(0.004499959, 0.189721000, -0.327986200)
(0.004499959, 0.189721000, -0.327986200)
(-0.031341950, 0.268708600, -0.285145700)
(-0.031341950, 0.268708600, -0.285145700)
(0.077665400, 0.362061700, -0.258649200)
(0.077665400, 0.362061700, -0.258649200)
(0.056493300, 0.313215000, -0.145995500)
(0.056493300, 0.313215000, -0.145995500)
(-0.026512860, 0.219198300, -0.176884400)
(-0.026512860, 0.219198300, -0.176884400)
(0.012203470, 0.307853700, -0.285107000)
(0.012203470, 0.307853700, -0.285107000)
(0.012203470, 0.307853700, -0.285107000)
(0.008673080, 0.274818900, -0.171258400)
(0.020354030, 0.021619430, -0.087461210)
(0.020354030, 0.021619430, -0.087461210)
(0.021503050, 0.126340800, -0.127980800)
(0.021503050, 0.126340800, -0.127980800)
(0.021503050, 0.126340800, -0.127980800)
(-0.046163390, 0.306061200, -0.115313700)
(-0.046163390, 0.306061200, -0.115313700)
(-0.065111050, 0.290398900, -0.080523660)
(-0.065111050, 0.290398900, -0.080523660)
(-0.023734150, 0.239859900, -0.053868570)
(-0.023734150, 0.239859900, -0.053868570)
(0.035263860, 0.142213000, -0.124272400)
(0.067720820, 0.119067400, -0.032637610)
(0.067720820, 0.119067400, -0.032637610)
(0.072306640, -0.122169700, 0.027014940)
(0.072306640, -0.122169700, 0.027014940)
(0.021873930, -0.067716400, -0.031918750)
(0.021873930, -0.067716400, -0.031918750)
(0.014714950, -0.023962320, 0.060970270)
(-0.017321870, 0.067897970, -0.020502950)
(-0.017321870, 0.067897970, -0.020502950)
(-0.017321870, 0.067897970, -0.020502950)
(-0.041324760, 0.030874110, 0.069701980)
(-0.041324760, 0.030874110, 0.069701980)
(0.007662968, -0.045802800, -0.000413114)
(0.069347560, -0.044257140, 0.083436610)
(0.069347560, -0.044257140, 0.083436610)
(0.069347560, -0.044257140, 0.083436610)
(0.042725240, -0.046036680, -0.090545830)
(-0.005360622, 0.109138000, -0.150708800)
(0.022404520, 0.078386430, -0.071954790)
(0.022404520, 0.078386430, -0.071954790)
(0.028161920, 0.006741503, -0.195429600)
(0.028161920, 0.006741503, -0.195429600)
(0.028161920, 0.006741503, -0.195429600)
(0.001868636, 0.113325000, -0.208792000)
(0.001868636, 0.113325000, -0.208792000)
(-0.000380755, 0.150274900, -0.146700800)
(-0.090398480, 0.145228700, -0.183447600)
(-0.090398480, 0.145228700, -0.183447600)
(-0.090398480, 0.145228700, -0.183447600)
(0.043472250, 0.141930100, -0.067336150)
(0.043472250, 0.141930100, -0.067336150)
(0.105918200, 0.060675080, -0.052758320)
(-0.110394200, 0.386640000, -0.269878300)
(-0.110394200, 0.386640000, -0.269878300)
(-0.110394200, 0.386640000, -0.269878300)
(0.055746940, 0.296313100, -0.158071600)
(0.055746940, 0.296313100, -0.158071600)
(0.053267700, -0.042973180, -0.190180200)
(0.053267700, -0.042973180, -0.190180200)
(0.032978850, 0.059658550, -0.225932300)
(0.032978850, 0.059658550, -0.225932300)
(0.097975380, -0.016809360, 0.006909645)
(0.097975380, -0.016809360, 0.006909645)
(-0.005573473, -0.144520800, -0.049082570)
(-0.005573473, -0.144520800, -0.049082570)
(-0.033320510, -0.053425560, -0.098031140)
(-0.033320510, -0.053425560, -0.098031140)
(0.096669290, 0.112705500, 0.108346300)
(0.096669290, 0.112705500, 0.108346300)
(0.091035190, -0.005295381, 0.077597160)
(0.091035190, -0.005295381, 0.077597160)
(-0.045329540, 0.018333240, 0.137841600)
(-0.045329540, 0.018333240, 0.137841600)
(0.038558720, 0.073128530, 0.111435100)
(0.038558720, 0.073128530, 0.111435100)
(0.038558720, 0.073128530, 0.111435100)
(-0.000939857, 0.086126950, 0.021557190)
(-0.046343560, 0.003506461, -0.061082750)
(-0.046343560, 0.003506461, -0.061082750)
(-0.046343560, 0.003506461, -0.061082750)
(-0.030778180, -0.109914000, 0.044287770)
