(-0.009518059, -0.253729900, -0.016082440)
(0.025350100, -0.227502400, -0.047432380)
(0.025350100, -0.227502400, -0.047432380)
(0.005647102, -0.381985100, -0.007723219)
(0.005647102, -0.381985100, -0.007723219)
(0.033050520, -0.331981000, -0.068853230)
(0.033050520, -0.331981000, -0.068853230)
(-0.025356130, -0.368394100, -0.020215370)
(-0.048950990, -0.334060500, 0.121714800)
(-0.048950990, -0.334060500, 0.121714800)
(0.037994740, -0.259789900, 0.077106540)
(0.037994740, -0.259789900, 0.077106540)
(0.017780990, -0.285089500, 0.070309320)
(0.009811820, -0.130659100, 0.009059986)
(0.009811820, -0.130659100, 0.009059986)
(-0.033408640, -0.100808000, -0.105124900)
(-0.033408640, -0.100808000, -0.105124900)
(-0.029460210, -0.044162910, -0.099173170)
(-0.029460210, -0.044162910, -0.099173170)
(-0.014934880, 0.124847200, -0.177267400)
(-0.014934880, 0.124847200, -0.177267400)
(0.009455310, 0.141310300, -0.151066000)
(0.009455310, 0.141310300, -0.151066000)
(0.007504886, 0.159442200, -0.142658500)
(0.089911770, 0.113207400, -0.146768900)
(0.089911770, 0.113207400, -0.146768900)
(0.034948800, 0.156354000, -0.127108200)
(0.034948800, 0.156354000, -0.127108200)
(-0.035256920, 0.180357100, -0.307888700)
(-0.035256920, 0.180357100, -0.307888700)
(-0.035256920, 0.180357100, -0.307888700)
(0.025963330, 0.133387900, -0.190920400)
(0.012469750, 0.132560600, -0.047590450)
(0.012469750, 0.132560600, -0.047590450)
(-0.033349130, 0.204740600, -0.184519200)
(-0.006124782, 0.297929800, -0.153822400)
(-0.006124782, 0.297929800, -0.153822400)
(-0.043794360, 0.195495100, -0.132073700)
(-0.043794360, 0.195495100, -0.132073700)
(-0.040060970, 0.129284300, -0.080837850)
(-0.040060970, 0.129284300, -0.080837850)
(0.027977580, 0.120938200, -0.039596930)
(-0.005156716, 0.123070100, -0.026904020)
(-0.005156716, 0.123070100, -0.026904020)
(-0.084715750, 0.062694140, -0.018161520)
(-0.084715750, 0.062694140, -0.018161520)
(-0.043639050, 0.064087120, -0.013667210)
(-0.043639050, 0.064087120, -0.013667210)
(0.003573316, 0.071633060, -0.048009600)
(0.003573316, 0.071633060, -0.048009600)
(0.016978740, 0.006741795, -0.035537870)
(0.038459510, 0.124742700, -0.002428859)
(0.038459510, 0.124742700, -0.002428859)
(0.016867240, 0.081656770, -0.012409850)
(0.016867240, 0.081656770, -0.012409850)
(0.126157900, -0.125251200, 0.063588250)
(0.126157900, -0.125251200, 0.063588250)
(0.061804020, -0.081179180, 0.013127690)
(0.061804020, -0.081179180, 0.013127690)
(0.008135964, 0.071516260, 0.020902910)
(0.008135964, 0.071516260, 0.020902910)
(0.034249350, 0.044692710, 0.076066130)
(0.034249350, 0.044692710, 0.076066130)
(0.021404900, 0.025364050, 0.078872190)
(0.021404900, 0.025364050, 0.078872190)
(0.002670576, 0.026553680, -0.029160510)
(0.002670576, 0.026553680, -0.029160510)
(0.048281680, 0.045356240, 0.062813280)
(0.048281680, 0.045356240, 0.062813280)
(0.038458870, 0.067189900, 0.042895120)
(0.038458870, 0.067189900, 0.042895120)
(0.056321960, 0.299446600, -0.125039000)
(0.056321960, 0.299446600, -0.125039000)
(0.104912800, 0.356929200, -0.052389280)
(0.104912800, 0.356929200, -0.052389280)
(0.030592540, 0.199470500, -0.172563800)
(0.030592540, 0.199470500, -0.172563800)
(0.022108840, 0.173754800, -0.230145900)
(0.022108840, 0.173754800, -0.230145900)
(0.030094440, 0.163389700, -0.159645100)
(0.030094440, 0.163389700, -0.159645100)
(0.022706410, 0.098414690, -0.226089600)
(0.022706410, 0.098414690, -0.226089600)
(0.044458420, 0.181017900, -0.246560600)
(0.044458420, 0.181017900, -0.246560600)
(-0.060060860, -0.010640070, -0.322564600)
(-0.060060860, -0.010640070, -0.322564600)
(0.079624500, 0.062492450, -0.160083700)
(0.079624500, 0.062492450, -0.160083700)
(-0.285400600, -0.147872800, -0.325650300)
(-0.285400600, -0.147872800, -0.325650300)
(-0.171180200, -0.102552800, -0.246284600)
(-0.171180200, -0.102552800, -0.246284600)
(0.147646000, 0.132068000, -0.244245900)
(0.147646000, 0.132068000, -0.244245900)
(-0.067678010, -0.067708090, -0.133455300)
(-0.067678010, -0.067708090, -0.133455300)
(0.077589740, -0.148326900, -0.110255600)
(0.077589740, -0.148326900, -0.110255600)
(0.099102670, -0.088201290, -0.207797500)
(-0.198214500, -0.345809200, -0.006201389)
(-0.198214500, -0.345809200, -0.006201389)
(-0.198214500, -0.345809200, -0.006201389)
(0.003059310, -0.164459400, 0.073045280)
(0.103504900, -0.155353900, -0.022045380)
