(0.091107260, -0.334320400, -0.938045500)
(0.094113630, -0.370236600, -0.924157700)
(0.094113630, -0.370236600, -0.924157700)
(0.098592680, -0.408197000, -0.907554100)
(0.098592680, -0.408197000, -0.907554100)
(0.098592680, -0.408197000, -0.907554100)
(0.104731200, -0.461833900, -0.880761600)
(0.104731200, -0.461833900, -0.880761600)
(0.108001900, -0.495417500, -0.861914600)
(0.108001900, -0.495417500, -0.861914600)
(0.112681200, -0.561564600, -0.819724500)
(0.112681200, -0.561564600, -0.819724500)
(0.116537600, -0.619613300, -0.776207600)
(0.117798700, -0.648085400, -0.752402000)
(0.118020000, -0.728588200, -0.674707700)
(0.118020000, -0.728588200, -0.674707700)
(0.118133700, -0.779626300, -0.615001800)
(0.118133700, -0.779626300, -0.615001800)
(0.118133700, -0.779626300, -0.615001800)
(0.118133700, -0.779626300, -0.615001800)
(0.103923100, -0.848219200, -0.519349900)
(0.094464740, -0.882624500, -0.460489400)
(0.094464740, -0.882624500, -0.460489400)
(0.081714350, -0.910471300, -0.405419200)
(0.081714350, -0.910471300, -0.405419200)
(0.081714350, -0.910471300, -0.405419200)
(0.075217680, -0.947483100, -0.310834400)
(0.075217680, -0.947483100, -0.310834400)
(0.063250660, -0.964530500, -0.256281700)
(0.063250660, -0.964530500, -0.256281700)
(0.053236810, -0.970902800, -0.233480900)
(0.038784620, -0.979808600, -0.196139800)
(0.038784620, -0.979808600, -0.196139800)
(0.036103660, -0.986285900, -0.161047900)
(0.036103660, -0.986285900, -0.161047900)
(0.035382920, -0.989186500, -0.142330500)
(0.035382920, -0.989186500, -0.142330500)
(0.033990350, -0.995266300, -0.091047670)
(0.033990350, -0.995266300, -0.091047670)
(0.033170180, -0.996770100, -0.073137310)
(0.033170180, -0.996770100, -0.073137310)
(0.030336620, -0.997929500, -0.056712280)
(0.030336620, -0.997929500, -0.056712280)
(0.027632160, -0.999346000, -0.023322600)
(0.027632160, -0.999346000, -0.023322600)
(0.036753370, -0.999235500, -0.013320260)
(0.036753370, -0.999235500, -0.013320260)
(0.056429930, -0.998390000, 0.005756778)
(0.056429930, -0.998390000, 0.005756778)
(0.059761650, -0.998111700, 0.014208460)
(0.047501400, -0.998444400, 0.029195220)
(0.047501400, -0.998444400, 0.029195220)
(0.040820680, -0.998687800, 0.030924110)
(0.040820680, -0.998687800, 0.030924110)
(0.038596690, -0.998622300, 0.035550720)
(0.038596690, -0.998622300, 0.035550720)
(0.032723540, -0.998861900, 0.034697040)
(0.032723540, -0.998861900, 0.034697040)
(0.025787250, -0.999051700, 0.035079220)
(0.023466090, -0.999101700, 0.035286920)
(0.023466090, -0.999101700, 0.035286920)
(0.008845122, -0.999332800, 0.035438300)
(0.008845122, -0.999332800, 0.035438300)
(-0.000836445, -0.999654800, 0.026259690)
(-0.000836445, -0.999654800, 0.026259690)
(-0.000836445, -0.999654800, 0.026259690)
(-0.003649837, -0.999893000, 0.014168110)
(-0.000362907, -0.999990900, -0.004243776)
(-0.000362907, -0.999990900, -0.004243776)
(-0.000362907, -0.999990900, -0.004243776)
(0.006827005, -0.999973500, -0.002554640)
(0.011866300, -0.999929600, -0.000145326)
(0.011866300, -0.999929600, -0.000145326)
(0.014289990, -0.999351300, -0.033056900)
(0.014289990, -0.999351300, -0.033056900)
(0.014289990, -0.999351300, -0.033056900)
(0.027448340, -0.998121300, -0.054777510)
(0.038449400, -0.996981700, -0.067446920)
(0.038449400, -0.996981700, -0.067446920)
(0.064339900, -0.990634100, -0.120434100)
(0.058861100, -0.984235900, -0.166777600)
(0.058861100, -0.984235900, -0.166777600)
(0.058861100, -0.984235900, -0.166777600)
(0.055915480, -0.978247200, -0.199763800)
(0.055915480, -0.978247200, -0.199763800)
(0.050485610, -0.957507800, -0.283953900)
(0.050485610, -0.957507800, -0.283953900)
(0.047551010, -0.926358400, -0.373629500)
(0.047551010, -0.926358400, -0.373629500)
(0.060448900, -0.907724300, -0.415189900)
(0.063955120, -0.858473200, -0.508855100)
(0.063955120, -0.858473200, -0.508855100)
(0.067964220, -0.835420500, -0.545392900)
(0.087942990, -0.791672500, -0.604583200)
(0.083180000, -0.746226600, -0.660474700)
(0.083180000, -0.746226600, -0.660474700)
(0.083180000, -0.746226600, -0.660474700)
(0.081032580, -0.697463000, -0.712024500)
(0.081032580, -0.697463000, -0.712024500)
(0.086730540, -0.660797700, -0.745536100)
(0.082046200, -0.643374100, -0.761142600)
(0.074267950, -0.612946400, -0.786626300)
(0.074267950, -0.612946400, -0.786626300)
