(0.106520400, -0.213841700, -0.971043300)
(0.107461500, -0.226714100, -0.968014800)
(0.107461500, -0.226714100, -0.968014800)
(0.114265500, -0.275039200, -0.954618700)
(0.114265500, -0.275039200, -0.954618700)
(0.120774500, -0.316657500, -0.940819600)
(0.120774500, -0.316657500, -0.940819600)
(0.124405400, -0.338376400, -0.932751200)
(0.126215200, -0.385762900, -0.913923800)
(0.126215200, -0.385762900, -0.913923800)
(0.125126900, -0.435005800, -0.891691300)
(0.125126900, -0.435005800, -0.891691300)
(0.124320100, -0.462450700, -0.877886100)
(0.118791100, -0.560303000, -0.819725100)
(0.118791100, -0.560303000, -0.819725100)
(0.117535000, -0.593738200, -0.796028000)
(0.117535000, -0.593738200, -0.796028000)
(0.115747200, -0.624552400, -0.772358000)
(0.115747200, -0.624552400, -0.772358000)
(0.109737600, -0.706453100, -0.699200700)
(0.109737600, -0.706453100, -0.699200700)
(0.106619100, -0.732080900, -0.672822400)
(0.106619100, -0.732080900, -0.672822400)
(0.102540900, -0.756567700, -0.645825600)
(0.087693990, -0.816023100, -0.571328300)
(0.087693990, -0.816023100, -0.571328300)
(0.092622060, -0.849428100, -0.519512200)
(0.092622060, -0.849428100, -0.519512200)
(0.094005860, -0.865450800, -0.492095300)
(0.094005860, -0.865450800, -0.492095300)
(0.094005860, -0.865450800, -0.492095300)
(0.088269280, -0.886743200, -0.453756600)
(0.081414920, -0.909496200, -0.407661900)
(0.081414920, -0.909496200, -0.407661900)
(0.077551970, -0.921582000, -0.380358100)
(0.070553320, -0.939788100, -0.334395700)
(0.070553320, -0.939788100, -0.334395700)
(0.063757780, -0.953032700, -0.296080500)
(0.063757780, -0.953032700, -0.296080500)
(0.054751700, -0.957799600, -0.282173700)
(0.054751700, -0.957799600, -0.282173700)
(0.022350270, -0.967846200, -0.250548200)
(0.015028480, -0.971487900, -0.236611900)
(0.015028480, -0.971487900, -0.236611900)
(0.010681410, -0.978366300, -0.206604400)
(0.010681410, -0.978366300, -0.206604400)
(0.013273690, -0.981268300, -0.192187400)
(0.013273690, -0.981268300, -0.192187400)
(0.023647460, -0.986955900, -0.159244300)
(0.023647460, -0.986955900, -0.159244300)
(0.026097000, -0.988190100, -0.150994400)
(0.034638100, -0.990802300, -0.130809100)
(0.034638100, -0.990802300, -0.130809100)
(0.030407680, -0.992828100, -0.115618900)
(0.030407680, -0.992828100, -0.115618900)
(0.020165550, -0.993505300, -0.111984200)
(0.020165550, -0.993505300, -0.111984200)
(0.015465270, -0.994231200, -0.106137600)
(0.015465270, -0.994231200, -0.106137600)
(0.001321987, -0.995641100, -0.093258250)
(0.001321987, -0.995641100, -0.093258250)
(-0.001366756, -0.995428700, -0.095497190)
(-0.001366756, -0.995428700, -0.095497190)
(-0.001454135, -0.995297500, -0.096854710)
(-0.001454135, -0.995297500, -0.096854710)
(-0.003460474, -0.995498200, -0.094716970)
(-0.003460474, -0.995498200, -0.094716970)
(-0.008081121, -0.994796600, -0.101559900)
(-0.008081121, -0.994796600, -0.101559900)
(-0.011438700, -0.993566400, -0.112672300)
(-0.011438700, -0.993566400, -0.112672300)
(-0.007849206, -0.990620400, -0.136417300)
(-0.007849206, -0.990620400, -0.136417300)
(-0.005936100, -0.989061800, -0.147381200)
(-0.005936100, -0.989061800, -0.147381200)
(-0.003837750, -0.982737200, -0.184966400)
(-0.003837750, -0.982737200, -0.184966400)
(0.001021113, -0.973905600, -0.226951000)
(0.001021113, -0.973905600, -0.226951000)
(-0.002358672, -0.961142700, -0.276041900)
(-0.002358672, -0.961142700, -0.276041900)
(-0.003276246, -0.952323100, -0.305073600)
(-0.003276246, -0.952323100, -0.305073600)
(-0.000356824, -0.935930000, -0.352185900)
(-0.000356824, -0.935930000, -0.352185900)
(-0.020713090, -0.913142700, -0.407113300)
(-0.020713090, -0.913142700, -0.407113300)
(-0.018367080, -0.898978700, -0.437607000)
(-0.018367080, -0.898978700, -0.437607000)
(-0.007268921, -0.846666600, -0.532074000)
(-0.007268921, -0.846666600, -0.532074000)
(-0.015883310, -0.820579400, -0.571311800)
(-0.015883310, -0.820579400, -0.571311800)
(-0.015552760, -0.795013700, -0.606392000)
(-0.015552760, -0.795013700, -0.606392000)
(0.008618743, -0.709580800, -0.704571300)
(0.008618743, -0.709580800, -0.704571300)
(0.037170380, -0.635503800, -0.771202500)
(0.037170380, -0.635503800, -0.771202500)
(0.050542960, -0.602108200, -0.796813100)
(0.063258730, -0.528652400, -0.846478000)
(0.063258730, -0.528652400, -0.846478000)
(0.063258730, -0.528652400, -0.846478000)
(0.077416000, -0.465314400, -0.881753400)
(0.085023020, -0.441749200, -0.893100600)
