(-0.046295050, 0.002414501, -0.242619900)
(0.018857010, 0.278236200, -0.316576500)
(0.017756720, 0.194736900, -0.369020800)
(0.009349031, 0.398536700, -0.190517100)
(0.012209900, 0.279845500, -0.179225400)
(-0.012660120, 0.040033560, -0.032496740)
(0.065511360, -0.035517550, 0.035343730)
(-0.022909840, -0.036487850, 0.073256730)
(-0.007970460, -0.203386400, 0.049089020)
(0.013860870, -0.062055640, -0.046406510)
(0.040981900, 0.455881800, -0.023908700)
(0.031028650, 0.211068600, -0.071149210)
(0.076680200, 0.377321000, -0.301499200)
(-0.038025730, 0.382296500, -0.331848700)
(0.019893080, -0.076782460, -0.171164200)
(-0.037008640, -0.306887600, -0.108888800)
(0.032399800, -0.349555900, 0.031614650)
(-0.077576620, -0.448586000, -0.056289170)
(0.079889670, -0.352741900, -0.113353700)
(-0.026640300, -0.178207200, -0.033380360)
