(0.075620790, -0.371602700, 0.015694150)
(0.058314350, -0.271984300, -0.057806250)
(0.013586780, -0.025984510, -0.177927200)
(-0.017478050, 0.128901000, -0.299117600)
(-0.034312170, 0.203761800, -0.243693800)
(0.000121962, 0.244496600, -0.184901000)
(-0.004819402, 0.199721600, -0.076022800)
(0.069445770, 0.086226490, -0.030926000)
(-0.012995240, 0.066972770, 0.006422050)
(0.006021081, 0.012362110, 0.011054900)
(0.072874990, -0.066135080, 0.015346760)
(0.006069421, 0.013240570, 0.007290628)
(-0.049420230, 0.084438400, -0.083036850)
(0.005820307, 0.193667300, -0.153045400)
(0.001430109, 0.180574800, -0.155538400)
(-0.024889940, 0.183712600, -0.143949200)
(0.008442244, 0.046368900, -0.288670200)
(0.030547200, -0.024300470, -0.200221600)
(-0.022552030, -0.179185800, -0.005908499)
(-0.001582575, -0.290551100, 0.058566700)
