(0.033108590, -0.515115900, -0.098210370)
(0.033108590, -0.515115900, -0.098210370)
(0.009860371, -0.538819900, -0.078696440)
(0.001680404, -0.392936200, 0.067613510)
(0.001680404, -0.392936200, 0.067613510)
(0.001680404, -0.392936200, 0.067613510)
(0.014332850, -0.255721000, 0.051535650)
(0.000842895, -0.108910100, 0.017833190)
(0.000842895, -0.108910100, 0.017833190)
(0.042321400, -0.157751100, -0.024826080)
(0.042321400, -0.157751100, -0.024826080)
(0.049037050, -0.089772670, -0.092266930)
(0.049037050, -0.089772670, -0.092266930)
(-0.119990900, 0.054560680, -0.000447048)
(-0.119990900, 0.054560680, -0.000447048)
(-0.024909410, 0.121354300, -0.095652510)
(-0.024909410, 0.121354300, -0.095652510)
(-0.024909410, 0.121354300, -0.095652510)
(-0.024909410, 0.121354300, -0.095652510)
(-0.013445140, 0.077718910, -0.241791700)
(-0.013445140, 0.077718910, -0.241791700)
(-0.032643480, 0.099248000, -0.305334900)
(-0.032643480, 0.099248000, -0.305334900)
(0.055125080, 0.157933000, -0.226791700)
(0.042433870, 0.204651300, -0.291983500)
(0.042433870, 0.204651300, -0.291983500)
(0.014339340, 0.119919300, -0.135172900)
(0.014339340, 0.119919300, -0.135172900)
(0.043772240, 0.075610200, -0.172362400)
(0.043772240, 0.075610200, -0.172362400)
(0.046941420, 0.333877600, -0.175042400)
(0.046941420, 0.333877600, -0.175042400)
(0.006801991, 0.334422800, -0.113038900)
(0.006801991, 0.334422800, -0.113038900)
(-0.023606530, 0.348318800, -0.135991600)
(-0.023606530, 0.348318800, -0.135991600)
(0.014206620, 0.111839700, -0.068513560)
(0.014206620, 0.111839700, -0.068513560)
(0.025392660, 0.130328000, -0.080091490)
(0.025392660, 0.130328000, -0.080091490)
(0.007434591, 0.111304800, -0.083087320)
(0.007434591, 0.111304800, -0.083087320)
(-0.022279810, 0.009938035, 0.014300620)
(-0.022279810, 0.009938035, 0.014300620)
(-0.040861100, 0.030193860, -0.120864000)
(-0.040861100, 0.030193860, -0.120864000)
(-0.022818630, -0.036803790, -0.049388140)
(-0.022818630, -0.036803790, -0.049388140)
(0.058145210, -0.002484971, -0.007047594)
(0.058145210, -0.002484971, -0.007047594)
(0.032722880, 0.064110550, 0.008349397)
(0.032722880, 0.064110550, 0.008349397)
(0.044025350, 0.037344870, 0.057288270)
(0.044025350, 0.037344870, 0.057288270)
(-0.028514910, 0.117245600, -0.006473911)
(-0.028514910, 0.117245600, -0.006473911)
(-0.036825810, 0.060344930, 0.037208870)
(-0.036825810, 0.060344930, 0.037208870)
(-0.006392050, 0.006179023, 0.069432800)
(-0.006392050, 0.006179023, 0.069432800)
(0.054675510, -0.074776880, 0.113683600)
(0.054675510, -0.074776880, 0.113683600)
(0.076208560, -0.079737680, 0.127640500)
(0.076208560, -0.079737680, 0.127640500)
(0.015101830, -0.014499930, -0.044399530)
(-0.078704420, 0.000842360, -0.080654290)
(-0.078704420, 0.000842360, -0.080654290)
(-0.078704420, 0.000842360, -0.080654290)
(-0.029623580, 0.040558030, -0.091992920)
(-0.029623580, 0.040558030, -0.091992920)
(0.027461470, 0.154602300, -0.074519370)
(0.061850490, 0.118516100, -0.114490700)
(0.061850490, 0.118516100, -0.114490700)
(-0.000971271, 0.162877100, -0.125958000)
(-0.000971271, 0.162877100, -0.125958000)
(-0.052654330, 0.216862400, -0.129708300)
(-0.052654330, 0.216862400, -0.129708300)
(0.035410000, 0.303917800, -0.235741400)
(0.035410000, 0.303917800, -0.235741400)
(-0.061345240, 0.478001900, -0.192669900)
(-0.061345240, 0.478001900, -0.192669900)
(-0.123571000, 0.363890300, -0.106911000)
(0.082521990, 0.164550500, -0.232573700)
(0.082521990, 0.164550500, -0.232573700)
(-0.100126300, 0.104475800, -0.146558500)
(0.119356700, 0.016554380, -0.150250300)
(0.119356700, 0.016554380, -0.150250300)
(0.023903450, 0.126341900, -0.282984000)
(0.023903450, 0.126341900, -0.282984000)
(-0.012227100, -0.150913200, -0.150395000)
(-0.012227100, -0.150913200, -0.150395000)
(0.016271800, -0.119521900, -0.220348100)
(0.016271800, -0.119521900, -0.220348100)
(-0.109210300, 0.061175670, -0.212368300)
(-0.109210300, 0.061175670, -0.212368300)
(-0.023815120, -0.163550100, -0.104178100)
(-0.023815120, -0.163550100, -0.104178100)
(-0.023815120, -0.163550100, -0.104178100)
(0.065469450, -0.095805040, -0.075886870)
(-0.007563666, -0.193817000, 0.012303780)
(-0.007563666, -0.193817000, 0.012303780)
(-0.007563666, -0.193817000, 0.012303780)
(0.091051140, -0.102237300, 0.026017950)
