(0.004190267, 0.155377400, -0.035248310)
(0.144584400, -0.197111700, 0.066943090)
(0.144584400, -0.197111700, 0.066943090)
(-0.183332700, 0.637826000, 0.484278800)
(-0.183332700, 0.637826000, 0.484278800)
(-0.039968880, -0.032916330, 0.403350400)
(-0.039968880, -0.032916330, 0.403350400)
(-0.128378300, 0.173419500, -0.245793100)
(-0.128378300, 0.173419500, -0.245793100)
(0.025330640, -0.392548100, 0.063635790)
(0.025330640, -0.392548100, 0.063635790)
(-0.032057180, 0.003677349, 0.124672200)
(-0.032057180, 0.003677349, 0.124672200)
(0.039518600, 0.043823910, 0.193373700)
(0.039518600, 0.043823910, 0.193373700)
(-0.018603600, 0.022844310, -0.152497400)
(-0.018603600, 0.022844310, -0.152497400)
(-0.027585380, 0.109050000, -0.036303250)
(-0.027585380, 0.109050000, -0.036303250)
(-0.013449030, -0.084296550, -0.011142060)
(-0.013449030, -0.084296550, -0.011142060)
(0.032814070, -0.005275494, -0.054605560)
(0.032814070, -0.005275494, -0.054605560)
(-0.023398750, -0.147021300, -0.164271900)
(-0.023398750, -0.147021300, -0.164271900)
(-0.035583150, -0.321380400, -0.341990300)
(-0.035583150, -0.321380400, -0.341990300)
(0.126403400, -0.093824600, -0.342686400)
(0.126403400, -0.093824600, -0.342686400)
(-0.004554466, -0.084704610, -0.209446900)
(-0.004554466, -0.084704610, -0.209446900)
(-0.004554466, -0.084704610, -0.209446900)
(-0.004554466, -0.084704610, -0.209446900)
(0.041644960, -0.119536500, -0.035692730)
(0.041644960, -0.119536500, -0.035692730)
(-0.015553560, -0.217707100, 0.036903080)
(-0.015553560, -0.217707100, 0.036903080)
(-0.015553560, -0.217707100, 0.036903080)
(-0.092544450, -0.124799300, -0.122562000)
(-0.092544450, -0.124799300, -0.122562000)
(-0.044427730, -0.037274270, -0.078033660)
(-0.044427730, -0.037274270, -0.078033660)
(-0.044427730, -0.037274270, -0.078033660)
(0.029453910, -0.036486420, 0.031701490)
(0.006579564, 0.027104930, 0.126435400)
(0.006579564, 0.027104930, 0.126435400)
(0.006579564, 0.027104930, 0.126435400)
(0.043403250, -0.013565380, 0.040118960)
(0.043403250, -0.013565380, 0.040118960)
(0.050634590, -0.042613610, 0.012938320)
(0.050634590, -0.042613610, 0.012938320)
(-0.037459030, -0.000205679, 0.002808028)
(-0.037459030, -0.000205679, 0.002808028)
(-0.009195744, -0.029599290, 0.111253300)
(-0.009195744, -0.029599290, 0.111253300)
(-0.009195744, -0.029599290, 0.111253300)
(-0.009195744, -0.029599290, 0.111253300)
(0.026345790, -0.035195310, 0.003977334)
(0.026345790, -0.035195310, 0.003977334)
(0.005214321, -0.047628330, 0.003313424)
(0.005214321, -0.047628330, 0.003313424)
(0.032316420, -0.038789730, -0.027961640)
(0.032316420, -0.038789730, -0.027961640)
(0.082300510, -0.109751800, 0.075763360)
(0.082300510, -0.109751800, 0.075763360)
(0.008315153, 0.056565010, 0.050080430)
(0.008315153, 0.056565010, 0.050080430)
(0.034054480, 0.006185976, 0.025106640)
(0.034054480, 0.006185976, 0.025106640)
(0.058536970, 0.010992880, 0.063262070)
(0.058536970, 0.010992880, 0.063262070)
(0.010728170, 0.031526980, 0.054180880)
(0.010728170, 0.031526980, 0.054180880)
(-0.016905690, 0.043502210, 0.094147260)
(-0.016905690, 0.043502210, 0.094147260)
(-0.056669840, -0.077115980, 0.040956560)
(-0.056669840, -0.077115980, 0.040956560)
(-0.066767920, 0.021556460, 0.055889670)
(-0.066767920, 0.021556460, 0.055889670)
(-0.285290800, -0.067455980, 0.008204692)
(-0.285290800, -0.067455980, 0.008204692)
(0.085041470, 0.336461400, -0.192131700)
(0.085041470, 0.336461400, -0.192131700)
(-0.074047810, -0.074988200, 0.120734900)
(-0.074047810, -0.074988200, 0.120734900)
(-0.273846300, -0.057746520, 0.069685240)
(-0.273846300, -0.057746520, 0.069685240)
(0.030562090, 0.070426210, 0.002723860)
(0.030562090, 0.070426210, 0.002723860)
(-0.012438080, -0.181459700, -0.044967780)
(-0.012438080, -0.181459700, -0.044967780)
(-0.009937014, -0.009702769, -0.046494470)
(-0.009937014, -0.009702769, -0.046494470)
(0.026767820, 0.004671780, -0.025947050)
(0.026767820, 0.004671780, -0.025947050)
(-0.013468610, 0.077646220, 0.013205750)
(-0.013468610, 0.077646220, 0.013205750)
(-0.004651553, 0.016008210, -0.025284550)
(-0.004651553, 0.016008210, -0.025284550)
(-0.002733536, 0.027288290, -0.105703800)
(-0.002733536, 0.027288290, -0.105703800)
(0.017349430, -0.116572200, 0.001181365)
(0.017349430, -0.116572200, 0.001181365)
(-0.028538170, -0.093415770, 0.004063544)
(-0.028538170, -0.093415770, 0.004063544)
(0.035588920, -0.001048671, -0.012643900)
(0.035588920, -0.001048671, -0.012643900)
(-0.003640371, -0.032414700, 0.016742990)
(-0.003640371, -0.032414700, 0.016742990)
(-0.028840850, 0.042608790, -0.012009310)
(-0.028840850, 0.042608790, -0.012009310)
(-0.024685650, -0.065117240, -0.005811475)
(-0.024685650, -0.065117240, -0.005811475)
(-0.061711260, -0.004173823, 0.028069290)
(-0.061711260, -0.004173823, 0.028069290)
(-0.028671200, -0.013772930, 0.006623833)
(-0.028671200, -0.013772930, 0.006623833)
(-0.054983220, -0.017477460, 0.011113320)
(-0.016829540, -0.024833690, 0.015551560)
(-0.016829540, -0.024833690, 0.015551560)
(-0.016829540, -0.024833690, 0.015551560)
(-0.042940170, 0.006047106, 0.002626320)
(-0.042940170, 0.006047106, 0.002626320)
(-0.024242250, -0.023629860, 0.008553082)
(-0.024242250, -0.023629860, 0.008553082)
(-0.044387260, -0.010064750, 0.040428450)
(-0.044387260, -0.010064750, 0.040428450)
(-0.058441840, 0.038698800, 0.145226200)
(-0.058441840, 0.038698800, 0.145226200)
(-0.014911620, 0.045547960, -0.038720880)
(-0.014911620, 0.045547960, -0.038720880)
(-0.052732770, -0.020592110, 0.006320323)
(-0.052732770, -0.020592110, 0.006320323)
(-0.097798990, -0.004835740, -0.050621960)
(-0.097798990, -0.004835740, -0.050621960)
(-0.042831220, -0.045131840, 0.039844330)
(-0.048486130, -0.020147200, -0.159742500)
(-0.048486130, -0.020147200, -0.159742500)
(-0.048486130, -0.020147200, -0.159742500)
(0.035951730, -0.042294100, -0.018880740)
(0.036215320, 0.075632710, -0.086136240)
(0.036215320, 0.075632710, -0.086136240)
(0.021189750, -0.005151503, -0.001847026)
(0.021189750, -0.005151503, -0.001847026)
(0.021189750, -0.005151503, -0.001847026)
(-0.007081861, -0.184082200, 0.076715220)
(-0.007081861, -0.184082200, 0.076715220)
(0.078837980, 0.042810920, 0.103081600)
(0.078837980, 0.042810920, 0.103081600)
(0.002724297, -0.017842520, 0.085847850)
(0.002724297, -0.017842520, 0.085847850)
(0.004999177, 0.038654120, -0.036150180)
(0.015876570, -0.025126090, 0.027964550)
(0.015876570, -0.025126090, 0.027964550)
(0.015876570, -0.025126090, 0.027964550)
(0.086502180, -0.215601000, -0.277206500)
(0.086502180, -0.215601000, -0.277206500)
(0.179266200, -0.077544550, 0.008898263)
(0.083529440, 0.044481010, 0.019911370)
(0.083529440, 0.044481010, 0.019911370)
(0.083529440, 0.044481010, 0.019911370)
(0.113646500, 0.124467700, 0.187975600)
(-0.004221839, 0.052139610, 0.216708900)
(-0.004221839, 0.052139610, 0.216708900)
(-0.037884530, -0.252177800, -0.074421580)
(-0.037884530, -0.252177800, -0.074421580)
(-0.037884530, -0.252177800, -0.074421580)
(-0.018368760, 0.097067270, -0.172247600)
(-0.018368760, 0.097067270, -0.172247600)
(-0.018368760, 0.097067270, -0.172247600)
(-0.018368760, 0.097067270, -0.172247600)
(-0.010714000, 0.011582350, 0.068907010)
(-0.010714000, 0.011582350, 0.068907010)
(0.007846018, -0.025421960, 0.114186000)
(0.007846018, -0.025421960, 0.114186000)
(0.007846018, -0.025421960, 0.114186000)
(-0.014683260, 0.042085700, -0.003855775)
(-0.014683260, 0.042085700, -0.003855775)
(-0.014683260, 0.042085700, -0.003855775)
(0.022623200, -0.039607830, -0.080530540)
(-0.007083912, -0.068363730, -0.050381220)
(-0.007083912, -0.068363730, -0.050381220)
(0.036413290, 0.015304890, 0.037399720)
(0.036413290, 0.015304890, 0.037399720)
(0.036413290, 0.015304890, 0.037399720)
(-0.010631290, 0.033883000, 0.044216690)
(-0.010631290, 0.033883000, 0.044216690)
(0.062307370, 0.003845612, 0.017203120)
(0.042854370, 0.039417660, 0.010229580)
(0.042854370, 0.039417660, 0.010229580)
(0.042854370, 0.039417660, 0.010229580)
(0.034659550, -0.023827420, -0.000525624)
(0.065995750, -0.022128330, 0.009378472)
(0.065995750, -0.022128330, 0.009378472)
(0.057070040, 0.080636150, 0.119850500)
(0.057070040, 0.080636150, 0.119850500)
(0.057070040, 0.080636150, 0.119850500)
(0.113258500, 0.153877200, 0.179305400)
(0.108600300, 0.084583540, 0.093883430)
(0.108600300, 0.084583540, 0.093883430)
(0.058480780, -0.032739800, 0.079109850)
(0.058480780, -0.032739800, 0.079109850)
(0.058480780, -0.032739800, 0.079109850)
(0.009412570, -0.168507300, -0.051807750)
(0.064450460, -0.065057260, -0.085996440)
(0.064450460, -0.065057260, -0.085996440)
(-0.026768540, 0.121388500, 0.061541560)
(-0.026768540, 0.121388500, 0.061541560)
(-0.071925210, -0.044564440, -0.035395350)
(-0.071925210, -0.044564440, -0.035395350)
(-0.117018100, 0.016355610, -0.005401332)
(-0.117018100, 0.016355610, -0.005401332)
(-0.176742800, -0.083661720, 0.013693350)
(-0.176742800, -0.083661720, 0.013693350)
(-0.176742800, -0.083661720, 0.013693350)
(-0.089521760, -0.053308420, -0.036303640)
(-0.037378350, -0.064566110, 0.065013990)
(-0.037378350, -0.064566110, 0.065013990)
(-0.097217600, 0.051750860, -0.046203940)
(-0.097217600, 0.051750860, -0.046203940)
(-0.097217600, 0.051750860, -0.046203940)
(-0.058829620, -0.050055050, 0.014195250)
(-0.061066550, -0.000166537, -0.052146170)
(-0.061066550, -0.000166537, -0.052146170)
(0.015591280, -0.031102790, 0.123600200)
(0.015591280, -0.031102790, 0.123600200)
(-0.032122840, -0.003450981, 0.055726250)
(-0.032122840, -0.003450981, 0.055726250)
(0.002208654, 0.003116546, 0.013346670)
(0.002208654, 0.003116546, 0.013346670)
(0.051811990, -0.020914870, 0.017531910)
(0.051811990, -0.020914870, 0.017531910)
(0.046393940, 0.005732364, -0.038641670)
(0.046393940, 0.005732364, -0.038641670)
(-0.006577276, -0.006473732, -0.022587530)
(-0.006577276, -0.006473732, -0.022587530)
(0.013193290, -0.083161210, -0.025426580)
(0.013193290, -0.083161210, -0.025426580)
(0.002767001, -0.065325620, 0.036028920)
(0.002767001, -0.065325620, 0.036028920)
(-0.011970370, -0.010573310, -0.014014270)
(-0.011970370, -0.010573310, -0.014014270)
(0.002545739, -0.000817416, -0.015596690)
(0.002545739, -0.000817416, -0.015596690)
(0.002545739, -0.000817416, -0.015596690)
(0.002545739, -0.000817416, -0.015596690)
(0.008623915, -0.045827160, -0.032825380)
(0.008623915, -0.045827160, -0.032825380)
(-0.014864390, -0.100099500, -0.047931460)
(-0.014864390, -0.100099500, -0.047931460)
(-0.014864390, -0.100099500, -0.047931460)
(-0.049871840, -0.032511710, -0.104555900)
(-0.013469720, -0.072793850, -0.090127240)
(-0.013469720, -0.072793850, -0.090127240)
(-0.004646423, -0.012939250, -0.061157240)
(-0.004646423, -0.012939250, -0.061157240)
(-0.001426733, -0.012367090, -0.042546360)
(-0.001426733, -0.012367090, -0.042546360)
(-0.042281520, -0.072724370, -0.033411300)
(-0.042281520, -0.072724370, -0.033411300)
(0.026729950, 0.054265830, 0.065302810)
(0.026729950, 0.054265830, 0.065302810)
(-0.004919507, -0.027511210, 0.049852000)
(-0.004919507, -0.027511210, 0.049852000)
(0.012511470, 0.002656224, -0.016020490)
(0.012511470, 0.002656224, -0.016020490)
(0.009700459, 0.071779900, 0.039326680)
(0.009700459, 0.071779900, 0.039326680)
(0.006040414, 0.007802792, 0.001547503)
(0.006040414, 0.007802792, 0.001547503)
(0.016883380, -0.131251300, -0.082430370)
(0.016883380, -0.131251300, -0.082430370)
(0.005891400, 0.197287700, 0.309376100)
(0.005891400, 0.197287700, 0.309376100)
(-0.049029070, 0.100676200, 0.072913420)
(-0.049029070, 0.100676200, 0.072913420)
(-0.001035816, -0.049053040, 0.045697870)
(-0.001035816, -0.049053040, 0.045697870)
(-0.000691395, 0.021636460, 0.063258660)
(-0.000691395, 0.021636460, 0.063258660)
(0.007802597, 0.040947520, -0.007035094)
(0.007802597, 0.040947520, -0.007035094)
(-0.007835273, 0.018467820, -0.135308100)
(-0.007835273, 0.018467820, -0.135308100)
(-0.030106420, -0.066593660, -0.018054910)
(-0.030106420, -0.066593660, -0.018054910)
(0.003941134, 0.050382030, 0.079609890)
(0.003941134, 0.050382030, 0.079609890)
(-0.020756770, -0.135119200, 0.026958140)
(-0.020756770, -0.135119200, 0.026958140)
(0.020905680, 0.173085400, 0.040984760)
(0.020905680, 0.173085400, 0.040984760)
(0.006159216, 0.198330000, 0.085820620)
(0.006159216, 0.198330000, 0.085820620)
(0.038189010, -0.078081020, 0.311162000)
(0.038189010, -0.078081020, 0.311162000)
