(-0.003436043, 0.024952130, 0.999682700)
(-0.003497375, 0.023634400, 0.999714500)
(-0.003497375, 0.023634400, 0.999714500)
(-0.005019208, 0.023296120, 0.999716000)
(-0.005019208, 0.023296120, 0.999716000)
(-0.005631914, 0.024188730, 0.999691500)
(-0.007253550, 0.025211670, 0.999655800)
(-0.007253550, 0.025211670, 0.999655800)
(-0.015519210, 0.024989780, 0.999567200)
(-0.015519210, 0.024989780, 0.999567200)
(-0.021490840, 0.021941090, 0.999528200)
(-0.021490840, 0.021941090, 0.999528200)
(-0.021490840, 0.021941090, 0.999528200)
(-0.017256970, 0.038248570, 0.999119200)
(0.001821217, 0.145449500, 0.989364100)
(0.001821217, 0.145449500, 0.989364100)
(0.001821217, 0.145449500, 0.989364100)
(0.005372213, 0.175495200, 0.984465700)
(0.005372213, 0.175495200, 0.984465700)
(-0.000235827, 0.199889100, 0.979818500)
(-0.028075920, 0.230985300, 0.972552100)
(-0.028075920, 0.230985300, 0.972552100)
(-0.028075920, 0.230985300, 0.972552100)
(-0.048914790, 0.256807500, 0.965223900)
(-0.048914790, 0.256807500, 0.965223900)
(-0.047824410, 0.278416600, 0.959268900)
(-0.051027630, 0.312078700, 0.948684900)
(-0.051027630, 0.312078700, 0.948684900)
(-0.051027630, 0.312078700, 0.948684900)
(-0.051525120, 0.325536600, 0.944124500)
(-0.051525120, 0.325536600, 0.944124500)
(-0.055982080, 0.335304500, 0.940445000)
(-0.055982080, 0.335304500, 0.940445000)
(-0.068459860, 0.358935800, 0.930848200)
(-0.068459860, 0.358935800, 0.930848200)
(-0.065410610, 0.384934000, 0.920623200)
(-0.065410610, 0.384934000, 0.920623200)
(-0.065935890, 0.389905800, 0.918491100)
(-0.066958630, 0.395248500, 0.916130500)
(-0.066958630, 0.395248500, 0.916130500)
(-0.066958630, 0.395248500, 0.916130500)
(-0.067531830, 0.389400700, 0.918589500)
(-0.067531830, 0.389400700, 0.918589500)
(-0.065551530, 0.390581000, 0.918231800)
(-0.067522820, 0.391947700, 0.917506200)
(-0.067522820, 0.391947700, 0.917506200)
(-0.067522820, 0.391947700, 0.917506200)
(-0.067132790, 0.388187400, 0.919132000)
(-0.067132790, 0.388187400, 0.919132000)
(-0.065711160, 0.388867900, 0.918947200)
(-0.058252080, 0.379382800, 0.923404300)
(-0.058252080, 0.379382800, 0.923404300)
(-0.058252080, 0.379382800, 0.923404300)
(-0.057840230, 0.376827100, 0.924476000)
(-0.057840230, 0.376827100, 0.924476000)
(-0.054539250, 0.378934400, 0.923815100)
(-0.041535120, 0.375869700, 0.925741100)
(-0.041535120, 0.375869700, 0.925741100)
(-0.041535120, 0.375869700, 0.925741100)
(-0.033645260, 0.375946600, 0.926030300)
(-0.026146850, 0.375158700, 0.926591800)
(-0.026146850, 0.375158700, 0.926591800)
(-0.015170500, 0.371578500, 0.928277600)
(-0.015170500, 0.371578500, 0.928277600)
(-0.015170500, 0.371578500, 0.928277600)
(0.003623779, 0.368763200, 0.929516300)
(0.003623779, 0.368763200, 0.929516300)
(0.015651610, 0.370727800, 0.928609700)
(0.098369170, 0.362099200, 0.926934600)
(0.098369170, 0.362099200, 0.926934600)
(0.098369170, 0.362099200, 0.926934600)
(0.137053500, 0.359477400, 0.923034300)
(0.185767800, 0.357048200, 0.915427100)
(0.185767800, 0.357048200, 0.915427100)
(0.269075500, 0.368748200, 0.889732000)
(0.269075500, 0.368748200, 0.889732000)
(0.269075500, 0.368748200, 0.889732000)
(0.333022500, 0.374038200, 0.865558400)
(0.369022800, 0.366451100, 0.854128600)
(0.369022800, 0.366451100, 0.854128600)
(0.477881400, 0.349421800, 0.805936600)
(0.477881400, 0.349421800, 0.805936600)
(0.515299000, 0.338367500, 0.787384500)
(0.515299000, 0.338367500, 0.787384500)
(0.552774400, 0.313792100, 0.771994200)
(0.552774400, 0.313792100, 0.771994200)
(0.551355700, 0.327828100, 0.767160800)
(0.551355700, 0.327828100, 0.767160800)
(0.541995300, 0.322420300, 0.776071000)
(0.541995300, 0.322420300, 0.776071000)
(0.533438200, 0.316186000, 0.784519100)
(0.533438200, 0.316186000, 0.784519100)
(0.550683500, 0.306987900, 0.776212800)
(0.550683500, 0.306987900, 0.776212800)
(0.556787600, 0.307248400, 0.771742200)
(0.556787600, 0.307248400, 0.771742200)
(0.560525500, 0.312783000, 0.766797200)
(0.560525500, 0.312783000, 0.766797200)
(0.566986100, 0.312275100, 0.762240800)
(0.566986100, 0.312275100, 0.762240800)
(0.568555400, 0.307004500, 0.763212300)
(0.568555400, 0.307004500, 0.763212300)
(0.568858500, 0.303477200, 0.764396100)
(0.568858500, 0.303477200, 0.764396100)
(0.565342200, 0.311537200, 0.763762200)
(0.565342200, 0.311537200, 0.763762200)
(0.567175100, 0.315779000, 0.760655000)
(0.567175100, 0.315779000, 0.760655000)
(0.567459400, 0.314629700, 0.760919100)
(0.567459400, 0.314629700, 0.760919100)
(0.554633200, 0.306296200, 0.773669500)
(0.554633200, 0.306296200, 0.773669500)
(0.549147500, 0.305263500, 0.777978900)
(0.549147500, 0.305263500, 0.777978900)
(0.533311300, 0.311472400, 0.786488300)
(0.533311300, 0.311472400, 0.786488300)
(0.524824400, 0.309789300, 0.792836500)
(0.524824400, 0.309789300, 0.792836500)
(0.523577900, 0.309384900, 0.793818100)
(0.523577900, 0.309384900, 0.793818100)
(0.522127900, 0.310441600, 0.794360400)
(0.522127900, 0.310441600, 0.794360400)
(0.515971700, 0.316758400, 0.795887700)
(0.515971700, 0.316758400, 0.795887700)
(0.508834400, 0.316683800, 0.800499200)
(0.508834400, 0.316683800, 0.800499200)
(0.498211200, 0.312484700, 0.808788600)
(0.498211200, 0.312484700, 0.808788600)
(0.491653100, 0.314830300, 0.811886200)
(0.491653100, 0.314830300, 0.811886200)
(0.489287300, 0.317501200, 0.812275200)
(0.489287300, 0.317501200, 0.812275200)
(0.470155100, 0.320961400, 0.822154500)
(0.470155100, 0.320961400, 0.822154500)
(0.458305600, 0.320544100, 0.828979800)
(0.458305600, 0.320544100, 0.828979800)
(0.438146700, 0.326028300, 0.837695100)
(0.438146700, 0.326028300, 0.837695100)
(0.383018500, 0.355754100, 0.852488000)
(0.383018500, 0.355754100, 0.852488000)
(0.293651800, 0.366666800, 0.882793400)
(0.293651800, 0.366666800, 0.882793400)
(0.238619500, 0.374684800, 0.895919700)
(0.238619500, 0.374684800, 0.895919700)
(0.095520360, 0.405845300, 0.908936400)
(0.095520360, 0.405845300, 0.908936400)
(0.044287080, 0.406826800, 0.912431100)
(0.044287080, 0.406826800, 0.912431100)
(-0.006590392, 0.407970200, 0.912971400)
(-0.006590392, 0.407970200, 0.912971400)
(-0.175758900, 0.402018600, 0.898604400)
(-0.175758900, 0.402018600, 0.898604400)
(-0.219294300, 0.392874900, 0.893061800)
(-0.219294300, 0.392874900, 0.893061800)
(-0.252873600, 0.393358400, 0.883925400)
(-0.252873600, 0.393358400, 0.883925400)
(-0.297415500, 0.393948400, 0.869683100)
(-0.297415500, 0.393948400, 0.869683100)
(-0.373363600, 0.366217700, 0.852340400)
(-0.373363600, 0.366217700, 0.852340400)
(-0.393407300, 0.355981500, 0.847648500)
(-0.393407300, 0.355981500, 0.847648500)
(-0.392007200, 0.350745500, 0.850475200)
(-0.392007200, 0.350745500, 0.850475200)
(-0.396354600, 0.352386500, 0.847777500)
(-0.396354600, 0.352386500, 0.847777500)
(-0.393528900, 0.350436200, 0.849899700)
(-0.393528900, 0.350436200, 0.849899700)
(-0.384611800, 0.355204200, 0.851999800)
(-0.384611800, 0.355204200, 0.851999800)
(-0.388654200, 0.355945500, 0.849853300)
(-0.388654200, 0.355945500, 0.849853300)
(-0.395420400, 0.353016500, 0.847951700)
(-0.395420400, 0.353016500, 0.847951700)
(-0.404827100, 0.347088300, 0.845957900)
(-0.404827100, 0.347088300, 0.845957900)
(-0.403889100, 0.341327800, 0.848745500)
(-0.403889100, 0.341327800, 0.848745500)
(-0.396804700, 0.335146000, 0.854531100)
(-0.396804700, 0.335146000, 0.854531100)
(-0.372969200, 0.348764500, 0.859800700)
(-0.372969200, 0.348764500, 0.859800700)
(-0.369366400, 0.352300400, 0.859914500)
(-0.369366400, 0.352300400, 0.859914500)
(-0.368833600, 0.349503500, 0.861283400)
(-0.368833600, 0.349503500, 0.861283400)
(-0.373445900, 0.346540300, 0.860492900)
(-0.373445900, 0.346540300, 0.860492900)
(-0.372155800, 0.346264300, 0.861162700)
(-0.372155800, 0.346264300, 0.861162700)
(-0.369752300, 0.342953200, 0.863519700)
(-0.369752300, 0.342953200, 0.863519700)
(-0.349776800, 0.346256800, 0.870495500)
(-0.349776800, 0.346256800, 0.870495500)
(-0.343168300, 0.345835500, 0.873288900)
(-0.343168300, 0.345835500, 0.873288900)
(-0.342112800, 0.343935400, 0.874452500)
(-0.346556600, 0.352256500, 0.869375600)
(-0.346556600, 0.352256500, 0.869375600)
(-0.334930800, 0.352709400, 0.873737800)
(-0.334930800, 0.352709400, 0.873737800)
(-0.300445700, 0.356380700, 0.884717500)
(-0.300445700, 0.356380700, 0.884717500)
(-0.265527400, 0.366998200, 0.891519800)
(-0.265527400, 0.366998200, 0.891519800)
(-0.225444900, 0.374340700, 0.899468500)
(-0.225444900, 0.374340700, 0.899468500)
(-0.225444900, 0.374340700, 0.899468500)
(-0.225444900, 0.374340700, 0.899468500)
(-0.123345000, 0.390277300, 0.912397700)
(-0.123345000, 0.390277300, 0.912397700)
(-0.123345000, 0.390277300, 0.912397700)
(-0.020693620, 0.398269400, 0.917034900)
(0.015427170, 0.398018300, 0.917247700)
(0.015427170, 0.398018300, 0.917247700)
(0.076916670, 0.412933400, 0.907507500)
(0.076916670, 0.412933400, 0.907507500)
(0.076916670, 0.412933400, 0.907507500)
(0.138529100, 0.402180000, 0.905019800)
(0.163558000, 0.394275600, 0.904320500)
(0.163558000, 0.394275600, 0.904320500)
(0.181518400, 0.405015700, 0.896110100)
(0.181518400, 0.405015700, 0.896110100)
(0.185309300, 0.404320400, 0.895648100)
(0.185309300, 0.404320400, 0.895648100)
(0.187716300, 0.394883200, 0.899349600)
(0.187716300, 0.394883200, 0.899349600)
(0.189878800, 0.387409000, 0.902142000)
(0.189878800, 0.387409000, 0.902142000)
(0.186455100, 0.391168800, 0.901233400)
(0.186455100, 0.391168800, 0.901233400)
(0.175584000, 0.391542900, 0.903252200)
(0.175584000, 0.391542900, 0.903252200)
(0.177910700, 0.386319500, 0.905044100)
(0.177910700, 0.386319500, 0.905044100)
(0.179020900, 0.379798400, 0.907581800)
(0.179020900, 0.379798400, 0.907581800)
(0.173834500, 0.374655900, 0.910722000)
(0.173834500, 0.374655900, 0.910722000)
(0.148184400, 0.388769900, 0.909340100)
(0.148184400, 0.388769900, 0.909340100)
(0.139736600, 0.386626100, 0.911588700)
(0.139736600, 0.386626100, 0.911588700)
(0.134158500, 0.380638300, 0.914940400)
(0.134158500, 0.380638300, 0.914940400)
(0.136104400, 0.382257700, 0.913977300)
(0.136104400, 0.382257700, 0.913977300)
(0.129638700, 0.384403200, 0.914017600)
(0.129638700, 0.384403200, 0.914017600)
(0.100298900, 0.383147000, 0.918225800)
(0.100298900, 0.383147000, 0.918225800)
(0.101014600, 0.381747500, 0.918730000)
(0.101014600, 0.381747500, 0.918730000)
(0.103778800, 0.380906300, 0.918771100)
(0.103778800, 0.380906300, 0.918771100)
(0.107893400, 0.386188700, 0.916088000)
(0.107893400, 0.386188700, 0.916088000)
(0.104698600, 0.383886700, 0.917425200)
(0.104698600, 0.383886700, 0.917425200)
(0.103127100, 0.382269100, 0.918278300)
(0.103127100, 0.382269100, 0.918278300)
(0.105235500, 0.369046100, 0.923434000)
(0.105235500, 0.369046100, 0.923434000)
(0.104600200, 0.363581500, 0.925671200)
(0.104600200, 0.363581500, 0.925671200)
(0.104234800, 0.363704600, 0.925664100)
(0.104234800, 0.363704600, 0.925664100)
(0.098083880, 0.354955800, 0.929723600)
(0.098083880, 0.354955800, 0.929723600)
(0.093747540, 0.348943600, 0.932442900)
(0.093747540, 0.348943600, 0.932442900)
(0.090233880, 0.342913300, 0.935023100)
(0.090233880, 0.342913300, 0.935023100)
(0.081949240, 0.304546600, 0.948965500)
(0.081949240, 0.304546600, 0.948965500)
(0.076573190, 0.292039300, 0.953336100)
(0.076573190, 0.292039300, 0.953336100)
(0.073886450, 0.281078600, 0.956836100)
(0.073886450, 0.281078600, 0.956836100)
(0.078301210, 0.249779400, 0.965131600)
(0.078301210, 0.249779400, 0.965131600)
(0.058115500, 0.242666700, 0.968367500)
(0.058115500, 0.242666700, 0.968367500)
(0.058115500, 0.242666700, 0.968367500)
(0.058115500, 0.242666700, 0.968367500)
(0.002697542, 0.213750900, 0.976884400)
(0.002697542, 0.213750900, 0.976884400)
(0.004827063, 0.164556600, 0.986355800)
(0.004827063, 0.164556600, 0.986355800)
(0.004827063, 0.164556600, 0.986355800)
(0.004827063, 0.164556600, 0.986355800)
(-0.004033673, 0.180980300, 0.983478400)
(-0.004033673, 0.180980300, 0.983478400)
(0.020839480, 0.145305700, 0.989167300)
(0.020839480, 0.145305700, 0.989167300)
(0.020839480, 0.145305700, 0.989167300)
