(-0.012472500, 0.030498450, 0.999456900)
(-0.011978870, 0.025864890, 0.999593700)
(-0.011978870, 0.025864890, 0.999593700)
(-0.011375650, 0.022822190, 0.999674900)
(-0.011375650, 0.022822190, 0.999674900)
(-0.008705794, 0.044561800, 0.998968700)
(-0.008705794, 0.044561800, 0.998968700)
(-0.005368922, 0.066897420, 0.997745400)
(-0.005368922, 0.066897420, 0.997745400)
(0.026404540, 0.080156130, 0.996432500)
(0.026404540, 0.080156130, 0.996432500)
(0.035937520, 0.107805000, 0.993522200)
(0.035937520, 0.107805000, 0.993522200)
(0.039084850, 0.154806400, 0.987171300)
(0.039084850, 0.154806400, 0.987171300)
(0.019232900, 0.301441100, 0.953290800)
(0.019232900, 0.301441100, 0.953290800)
(0.012025050, 0.351285100, 0.936191300)
(0.012025050, 0.351285100, 0.936191300)
(0.002429196, 0.387018400, 0.922068800)
(0.002429196, 0.387018400, 0.922068800)
(-0.017888430, 0.470457900, 0.882241200)
(-0.017888430, 0.470457900, 0.882241200)
(-0.031130200, 0.509743900, 0.859762800)
(-0.031130200, 0.509743900, 0.859762800)
(-0.037994630, 0.525278200, 0.850081900)
(-0.037994630, 0.525278200, 0.850081900)
(-0.044385510, 0.533870200, 0.844400700)
(-0.044385510, 0.533870200, 0.844400700)
(-0.015450940, 0.527927400, 0.849148900)
(-0.015450940, 0.527927400, 0.849148900)
(-0.015450940, 0.527927400, 0.849148900)
(-0.015450940, 0.527927400, 0.849148900)
(-0.012833700, 0.541128000, 0.840842200)
(-0.012833700, 0.541128000, 0.840842200)
(-0.022321760, 0.548483600, 0.835863200)
(-0.022321760, 0.548483600, 0.835863200)
(-0.031776410, 0.547589000, 0.836143800)
(-0.031776410, 0.547589000, 0.836143800)
(-0.043486060, 0.522562600, 0.851491300)
(-0.043486060, 0.522562600, 0.851491300)
(-0.047332830, 0.513782300, 0.856613900)
(-0.047332830, 0.513782300, 0.856613900)
(-0.048890250, 0.508318000, 0.859780600)
(-0.048890250, 0.508318000, 0.859780600)
(-0.047720660, 0.506570000, 0.860877200)
(-0.047720660, 0.506570000, 0.860877200)
(-0.050816040, 0.507394500, 0.860214200)
(-0.050816040, 0.507394500, 0.860214200)
(-0.053900680, 0.509253800, 0.858926800)
(-0.053900680, 0.509253800, 0.858926800)
(-0.051309270, 0.501039000, 0.863902400)
(-0.051309270, 0.501039000, 0.863902400)
(-0.050871960, 0.495377600, 0.867186800)
(-0.050871960, 0.495377600, 0.867186800)
(-0.049445830, 0.494285800, 0.867892100)
(-0.049445830, 0.494285800, 0.867892100)
(-0.043117950, 0.489748600, 0.870796800)
(-0.043117950, 0.489748600, 0.870796800)
(-0.031435220, 0.483555000, 0.874749300)
(-0.031435220, 0.483555000, 0.874749300)
(-0.017296250, 0.480174900, 0.877002200)
(-0.017296250, 0.480174900, 0.877002200)
(0.014841430, 0.467600000, 0.883815600)
(0.014841430, 0.467600000, 0.883815600)
(0.050708620, 0.445559900, 0.893814800)
(0.050708620, 0.445559900, 0.893814800)
(0.082322520, 0.446701300, 0.890887700)
(0.082322520, 0.446701300, 0.890887700)
(0.191623100, 0.432440500, 0.881065100)
(0.191623100, 0.432440500, 0.881065100)
(0.291118000, 0.413687900, 0.862619600)
(0.291118000, 0.413687900, 0.862619600)
(0.336436600, 0.404382400, 0.850461700)
(0.336436600, 0.404382400, 0.850461700)
(0.420329400, 0.378277200, 0.824760300)
(0.420329400, 0.378277200, 0.824760300)
(0.472047700, 0.367243400, 0.801438200)
(0.472047700, 0.367243400, 0.801438200)
(0.502710100, 0.363611700, 0.784263400)
(0.502710100, 0.363611700, 0.784263400)
(0.550121300, 0.353281300, 0.756676200)
(0.550121300, 0.353281300, 0.756676200)
(0.576717700, 0.336196000, 0.744559600)
(0.576717700, 0.336196000, 0.744559600)
(0.581404400, 0.331851600, 0.742861600)
(0.581404400, 0.331851600, 0.742861600)
(0.591549700, 0.330204600, 0.735549900)
(0.591549700, 0.330204600, 0.735549900)
(0.598115700, 0.339909700, 0.725754000)
(0.598115700, 0.339909700, 0.725754000)
(0.597614300, 0.339645500, 0.726290600)
(0.597614300, 0.339645500, 0.726290600)
(0.601226600, 0.328168300, 0.728582300)
(0.601226600, 0.328168300, 0.728582300)
(0.590962200, 0.323085500, 0.739174800)
(0.590962200, 0.323085500, 0.739174800)
(0.584986700, 0.327317500, 0.742060500)
(0.584986700, 0.327317500, 0.742060500)
(0.580890700, 0.334200700, 0.742210300)
(0.580890700, 0.334200700, 0.742210300)
(0.577164200, 0.342521200, 0.741323600)
(0.577164200, 0.342521200, 0.741323600)
(0.573555200, 0.342270600, 0.744234700)
(0.573555200, 0.342270600, 0.744234700)
(0.563273300, 0.337888400, 0.754025600)
(0.563273300, 0.337888400, 0.754025600)
(0.557489300, 0.335693200, 0.759286300)
(0.557489300, 0.335693200, 0.759286300)
(0.553853700, 0.339813100, 0.760114000)
(0.553853700, 0.339813100, 0.760114000)
(0.550271200, 0.345088000, 0.760339400)
(0.550271200, 0.345088000, 0.760339400)
(0.545361300, 0.340690700, 0.765839900)
(0.545361300, 0.340690700, 0.765839900)
(0.539416000, 0.340210500, 0.770251500)
(0.539416000, 0.340210500, 0.770251500)
(0.527193800, 0.342235100, 0.777780100)
(0.527193800, 0.342235100, 0.777780100)
(0.513255500, 0.349611700, 0.783798800)
(0.513255500, 0.349611700, 0.783798800)
(0.506483500, 0.352375000, 0.786960200)
(0.506483500, 0.352375000, 0.786960200)
(0.474565700, 0.365838800, 0.800593100)
(0.474565700, 0.365838800, 0.800593100)
(0.459107400, 0.374434500, 0.805617300)
(0.459107400, 0.374434500, 0.805617300)
(0.443313600, 0.383088900, 0.810380100)
(0.443313600, 0.383088900, 0.810380100)
(0.358494400, 0.407766200, 0.839766900)
(0.358494400, 0.407766200, 0.839766900)
(0.325237500, 0.412335000, 0.850999600)
(0.325237500, 0.412335000, 0.850999600)
(0.294545900, 0.418520700, 0.859117500)
(0.294545900, 0.418520700, 0.859117500)
(0.188114600, 0.431747700, 0.882160200)
(0.188114600, 0.431747700, 0.882160200)
(0.153903200, 0.432758100, 0.888276000)
(0.153903200, 0.432758100, 0.888276000)
(0.123838900, 0.434343600, 0.892193700)
(0.123838900, 0.434343600, 0.892193700)
(0.020920160, 0.434568000, 0.900396000)
(0.020920160, 0.434568000, 0.900396000)
(-0.013098890, 0.432963900, 0.901316000)
(-0.013098890, 0.432963900, 0.901316000)
(-0.046169360, 0.436706800, 0.898418300)
(-0.046169360, 0.436706800, 0.898418300)
(-0.128075500, 0.443002500, 0.887324900)
(-0.128075500, 0.443002500, 0.887324900)
(-0.148673500, 0.438476900, 0.886360100)
(-0.148673500, 0.438476900, 0.886360100)
(-0.175996000, 0.437619500, 0.881767900)
(-0.254040000, 0.437896000, 0.862386800)
(-0.254040000, 0.437896000, 0.862386800)
(-0.254040000, 0.437896000, 0.862386800)
(-0.286201100, 0.429387500, 0.856571900)
(-0.286201100, 0.429387500, 0.856571900)
(-0.306282500, 0.423458400, 0.852569000)
(-0.306282500, 0.423458400, 0.852569000)
(-0.344133300, 0.427435000, 0.835985300)
(-0.344133300, 0.427435000, 0.835985300)
(-0.328224000, 0.439530900, 0.836110900)
(-0.328224000, 0.439530900, 0.836110900)
(-0.328224000, 0.439530900, 0.836110900)
(-0.290437800, 0.436617500, 0.851475800)
(-0.290437800, 0.436617500, 0.851475800)
(-0.290437800, 0.436617500, 0.851475800)
(-0.294031600, 0.434326500, 0.851414000)
(-0.310062600, 0.433143200, 0.846314400)
(-0.310062600, 0.433143200, 0.846314400)
(-0.310438300, 0.432464800, 0.846523500)
(-0.310438300, 0.432464800, 0.846523500)
(-0.310438300, 0.432464800, 0.846523500)
(-0.303204800, 0.429275300, 0.850758200)
(-0.298226300, 0.425955400, 0.854179700)
(-0.298226300, 0.425955400, 0.854179700)
(-0.297607400, 0.428700800, 0.853021400)
(-0.297607400, 0.428700800, 0.853021400)
(-0.293672400, 0.429801700, 0.853830800)
(-0.293672400, 0.429801700, 0.853830800)
(-0.284507500, 0.428962300, 0.857348700)
(-0.284507500, 0.428962300, 0.857348700)
(-0.276386000, 0.429500400, 0.859732600)
(-0.276386000, 0.429500400, 0.859732600)
(-0.279234600, 0.429700600, 0.858711400)
(-0.279234600, 0.429700600, 0.858711400)
(-0.287192100, 0.426969600, 0.857448300)
(-0.287192100, 0.426969600, 0.857448300)
(-0.283258700, 0.423091900, 0.860672800)
(-0.283258700, 0.423091900, 0.860672800)
(-0.268381900, 0.422751700, 0.865593600)
(-0.268381900, 0.422751700, 0.865593600)
(-0.261369000, 0.420658200, 0.868753700)
(-0.261369000, 0.420658200, 0.868753700)
(-0.253512000, 0.419248000, 0.871758300)
(-0.253512000, 0.419248000, 0.871758300)
(-0.248235000, 0.419460200, 0.873173900)
(-0.248235000, 0.419460200, 0.873173900)
(-0.220860300, 0.424780300, 0.877942100)
(-0.220860300, 0.424780300, 0.877942100)
(-0.168168900, 0.427704600, 0.888137400)
(-0.168168900, 0.427704600, 0.888137400)
(-0.141336600, 0.429722700, 0.891830900)
(-0.141336600, 0.429722700, 0.891830900)
(-0.060026360, 0.442627500, 0.894694200)
(-0.060026360, 0.442627500, 0.894694200)
(-0.024352440, 0.442805000, 0.896287300)
(-0.024352440, 0.442805000, 0.896287300)
(0.012126370, 0.439178400, 0.898318000)
(0.012126370, 0.439178400, 0.898318000)
(0.124183700, 0.444369000, 0.887194800)
(0.124183700, 0.444369000, 0.887194800)
(0.154208500, 0.447534500, 0.880870400)
(0.154208500, 0.447534500, 0.880870400)
(0.184629700, 0.441858000, 0.877880100)
(0.184629700, 0.441858000, 0.877880100)
(0.235282900, 0.431136500, 0.871070100)
(0.235282900, 0.431136500, 0.871070100)
(0.238988000, 0.428620200, 0.871303300)
(0.238988000, 0.428620200, 0.871303300)
(0.235706900, 0.430202700, 0.871417200)
(0.235706900, 0.430202700, 0.871417200)
(0.215778700, 0.425792500, 0.878715200)
(0.215778700, 0.425792500, 0.878715200)
(0.208424500, 0.423847100, 0.881426500)
(0.208424500, 0.423847100, 0.881426500)
(0.187532700, 0.426913400, 0.884633500)
(0.187532700, 0.426913400, 0.884633500)
(0.166127400, 0.430791900, 0.887028800)
(0.166127400, 0.430791900, 0.887028800)
(0.159104800, 0.431891500, 0.887781100)
(0.159104800, 0.431891500, 0.887781100)
(0.155483000, 0.430172200, 0.889256400)
(0.155483000, 0.430172200, 0.889256400)
(0.144744500, 0.427988400, 0.892118200)
(0.144744500, 0.427988400, 0.892118200)
(0.145151900, 0.427292400, 0.892385600)
(0.145151900, 0.427292400, 0.892385600)
(0.145151900, 0.427292400, 0.892385600)
(0.145151900, 0.427292400, 0.892385600)
(0.145604700, 0.426809700, 0.892542900)
(0.145604700, 0.426809700, 0.892542900)
(0.139200000, 0.420671400, 0.896470200)
(0.139200000, 0.420671400, 0.896470200)
(0.139200000, 0.420671400, 0.896470200)
(0.139200000, 0.420671400, 0.896470200)
(0.126431300, 0.412150700, 0.902300800)
(0.126431300, 0.412150700, 0.902300800)
(0.105220900, 0.407230600, 0.907244000)
(0.105220900, 0.407230600, 0.907244000)
(0.098951300, 0.405704100, 0.908632300)
(0.098951300, 0.405704100, 0.908632300)
(0.091892230, 0.392872800, 0.914990000)
(0.091892230, 0.392872800, 0.914990000)
(0.080718940, 0.379237800, 0.921771700)
(0.080718940, 0.379237800, 0.921771700)
(0.075338130, 0.377999600, 0.922735300)
(0.075338130, 0.377999600, 0.922735300)
(0.070396370, 0.367149800, 0.927494200)
(0.070396370, 0.367149800, 0.927494200)
(0.062967610, 0.341187300, 0.937884000)
(0.062967610, 0.341187300, 0.937884000)
(0.060040090, 0.329310900, 0.942310800)
(0.060040090, 0.329310900, 0.942310800)
(0.045644850, 0.311819200, 0.949044300)
(0.045644850, 0.311819200, 0.949044300)
(0.032120780, 0.303606800, 0.952255800)
(0.032120780, 0.303606800, 0.952255800)
(0.030385480, 0.293220800, 0.955561800)
(0.030385480, 0.293220800, 0.955561800)
(0.028687460, 0.266986000, 0.963273300)
(0.028687460, 0.266986000, 0.963273300)
(0.048197620, 0.253947300, 0.966016500)
(0.048197620, 0.253947300, 0.966016500)
(0.057399790, 0.246265200, 0.967501300)
(0.057399790, 0.246265200, 0.967501300)
(0.058765230, 0.239367500, 0.969149100)
(0.058765230, 0.239367500, 0.969149100)
(0.062803800, 0.252338600, 0.965598600)
(0.062803800, 0.252338600, 0.965598600)
(0.069339770, 0.247451600, 0.966415900)
(0.069339770, 0.247451600, 0.966415900)
(0.055166000, 0.215286000, 0.974991700)
(0.055166000, 0.215286000, 0.974991700)
(0.032322020, 0.202021300, 0.978847600)
(0.032322020, 0.202021300, 0.978847600)
(0.033385080, 0.180197500, 0.983063700)
(0.033385080, 0.180197500, 0.983063700)
(0.036635980, 0.132126400, 0.990555600)
(0.036635980, 0.132126400, 0.990555600)
(0.025911850, 0.113130100, 0.993242300)
(0.025911850, 0.113130100, 0.993242300)
(0.016009900, 0.098340520, 0.995024000)
(0.016009900, 0.098340520, 0.995024000)
(-0.005223265, 0.040736960, 0.999156200)
(-0.005223265, 0.040736960, 0.999156200)
