0.0512 0.1784 1.0000
0.0461 0.2488 0.9918
0.0519 0.3900 0.9719
0.0688 0.5629 0.9374
0.0731 0.7222 0.8912
0.0749 0.8556 0.8381
0.0706 0.9447 0.7931
0.0597 0.9908 0.7660
0.0352 1.0000 0.7596
0.0014 0.9921 0.7655
-0.0494 0.9752 0.7745
-0.1530 0.9637 0.7758
-0.3057 0.9567 0.7624
-0.4817 0.9470 0.7317
-0.6308 0.9329 0.6827
-0.7392 0.9181 0.6207
-0.8099 0.9031 0.5634
-0.8503 0.8941 0.5255
-0.8572 0.8944 0.5051
-0.8433 0.8985 0.5024
-0.8118 0.9019 0.5119
-0.7615 0.9071 0.5294
-0.6718 0.9135 0.5612
-0.5260 0.9229 0.6023
-0.3264 0.9343 0.6446
-0.0962 0.9415 0.6875
0.1705 0.9429 0.7171
0.4374 0.9340 0.7278
0.6396 0.9114 0.7250
0.7859 0.8772 0.7067
0.8838 0.8403 0.6773
0.9560 0.8197 0.6417
0.9907 0.8116 0.6198
1.0000 0.8154 0.6101
0.9592 0.8271 0.6091
0.9048 0.8395 0.6167
0.8370 0.8557 0.6338
0.7398 0.8777 0.6600
0.6090 0.9003 0.6950
0.4553 0.9205 0.7304
0.2944 0.9419 0.7592
0.1537 0.9640 0.7702
0.0526 0.9800 0.7681
-0.0042 0.9822 0.7655
-0.0305 0.9723 0.7709
-0.0467 0.9572 0.7791
-0.0411 0.9378 0.7881
-0.0274 0.9135 0.7991
-0.0166 0.8912 0.8089
-0.0051 0.8686 0.8212