(0.058713200, -0.070472380, 0.023037610)
(0.068617640, -0.079589110, 0.025548520)
(0.087205360, -0.097558810, 0.031813620)
(0.087205360, -0.097558810, 0.031813620)
(0.114486200, -0.119393600, 0.039323930)
(0.114486200, -0.119393600, 0.039323930)
(0.114486200, -0.119393600, 0.039323930)
(0.127042300, -0.132717600, 0.044266880)
(0.151663800, -0.160109500, 0.057462990)
(0.151663800, -0.160109500, 0.057462990)
(0.182536800, -0.185506600, 0.071730790)
(0.182536800, -0.185506600, 0.071730790)
(0.182536800, -0.185506600, 0.071730790)
(0.196416600, -0.199349700, 0.079995270)
(0.196416600, -0.199349700, 0.079995270)
(0.222774000, -0.228256900, 0.098127130)
(0.249703400, -0.246411200, 0.114181200)
(0.249703400, -0.246411200, 0.114181200)
(0.249703400, -0.246411200, 0.114181200)
(0.262076400, -0.256269600, 0.123572100)
(0.281713500, -0.271966700, 0.141257600)
(0.281713500, -0.271966700, 0.141257600)
(0.298674100, -0.284447100, 0.154671300)
(0.298674100, -0.284447100, 0.154671300)
(0.298674100, -0.284447100, 0.154671300)
(0.308012200, -0.293288800, 0.162273500)
(0.327626600, -0.310732400, 0.176392300)
(0.327626600, -0.310732400, 0.176392300)
(0.348809400, -0.333103200, 0.190934100)
(0.348809400, -0.333103200, 0.190934100)
(0.348809400, -0.333103200, 0.190934100)
(0.355449900, -0.344349700, 0.198413700)
(0.365980800, -0.362995400, 0.211724600)
(0.365980800, -0.362995400, 0.211724600)
(0.373783700, -0.380932500, 0.222911100)
(0.373783700, -0.380932500, 0.222911100)
(0.373783700, -0.380932500, 0.222911100)
(0.375992000, -0.388660500, 0.227846000)
(0.384832200, -0.404837700, 0.238543200)
(0.384832200, -0.404837700, 0.238543200)
(0.392769500, -0.420141600, 0.247072000)
(0.392769500, -0.420141600, 0.247072000)
(0.392769500, -0.420141600, 0.247072000)
(0.395615600, -0.428009600, 0.251010900)
(0.404614300, -0.441788300, 0.258407800)
(0.404614300, -0.441788300, 0.258407800)
(0.412289200, -0.456093000, 0.267523000)
(0.412289200, -0.456093000, 0.267523000)
(0.412289200, -0.456093000, 0.267523000)
(0.415319900, -0.461846100, 0.271256700)
(0.415319900, -0.461846100, 0.271256700)
(0.423653800, -0.473643400, 0.277654200)
(0.423653800, -0.473643400, 0.277654200)
(0.431432700, -0.486324000, 0.282647300)
(0.431432700, -0.486324000, 0.282647300)
(0.435550200, -0.492281300, 0.284445200)
(0.435550200, -0.492281300, 0.284445200)
(0.441817300, -0.503103600, 0.286973100)
(0.448937100, -0.513948600, 0.292885500)
(0.448937100, -0.513948600, 0.292885500)
(0.448937100, -0.513948600, 0.292885500)
(0.453543900, -0.517790300, 0.295825400)
(0.462425900, -0.526635500, 0.307546800)
(0.462425900, -0.526635500, 0.307546800)
(0.467886200, -0.532877800, 0.317906200)
(0.467886200, -0.532877800, 0.317906200)
(0.467886200, -0.532877800, 0.317906200)
(0.469855500, -0.534353600, 0.321074900)
(0.469855500, -0.534353600, 0.321074900)
(0.469709800, -0.544282700, 0.326261200)
(0.471365900, -0.558638400, 0.333963900)
(0.471365900, -0.558638400, 0.333963900)
(0.471365900, -0.558638400, 0.333963900)
(0.472490200, -0.567416400, 0.341069600)
(0.475168700, -0.575777300, 0.353107900)
(0.475168700, -0.575777300, 0.353107900)
(0.476132500, -0.576818800, 0.358671700)
(0.476132500, -0.576818800, 0.358671700)
(0.476132500, -0.576818800, 0.358671700)
(0.475142600, -0.580153600, 0.359600800)
(0.476898300, -0.578619800, 0.355924300)
(0.476898300, -0.578619800, 0.355924300)
(0.470100200, -0.575914400, 0.341048000)
(0.470100200, -0.575914400, 0.341048000)
(0.470100200, -0.575914400, 0.341048000)
(0.464006300, -0.577178700, 0.333747000)
(0.454997700, -0.569918200, 0.317302000)
(0.454997700, -0.569918200, 0.317302000)
(0.454997700, -0.569918200, 0.317302000)
(0.444266000, -0.553627100, 0.299877400)
(0.444266000, -0.553627100, 0.299877400)
(0.438690500, -0.545252900, 0.291687300)
(0.424817700, -0.527170100, 0.272641900)
(0.424817700, -0.527170100, 0.272641900)
(0.404552700, -0.508804300, 0.252834000)
(0.404552700, -0.508804300, 0.252834000)
(0.404552700, -0.508804300, 0.252834000)
(0.393595400, -0.501400900, 0.242698100)
(0.374555900, -0.490941400, 0.226329000)
(0.374555900, -0.490941400, 0.226329000)
(0.360837300, -0.464200800, 0.207372400)
(0.360837300, -0.464200800, 0.207372400)
(0.360837300, -0.464200800, 0.207372400)
(0.352862500, -0.451281900, 0.196716200)
(0.336855000, -0.421538100, 0.175025300)
(0.336855000, -0.421538100, 0.175025300)
(0.324658900, -0.393778600, 0.156306500)
(0.324658900, -0.393778600, 0.156306500)
(0.324658900, -0.393778600, 0.156306500)
(0.316766900, -0.381453000, 0.147657500)
(0.289585000, -0.359505100, 0.130290700)
(0.289585000, -0.359505100, 0.130290700)
(0.256316300, -0.354315600, 0.118445600)
(0.256316300, -0.354315600, 0.118445600)
(0.256316300, -0.354315600, 0.118445600)
(0.247224300, -0.347603800, 0.112695100)
(0.234132200, -0.324154000, 0.099129380)
(0.234132200, -0.324154000, 0.099129380)
(0.217723800, -0.300547200, 0.085555790)
(0.217723800, -0.300547200, 0.085555790)
(0.217723800, -0.300547200, 0.085555790)
(0.210314100, -0.290068600, 0.078732310)
(0.198871000, -0.268041600, 0.064145150)
(0.198871000, -0.268041600, 0.064145150)
(0.185054100, -0.236412700, 0.047028960)
(0.185054100, -0.236412700, 0.047028960)
(0.185054100, -0.236412700, 0.047028960)
(0.177933500, -0.226764900, 0.040616750)
(0.177933500, -0.226764900, 0.040616750)
(0.162112000, -0.206190200, 0.028221790)
(0.144181200, -0.186824000, 0.019956410)
(0.144181200, -0.186824000, 0.019956410)
(0.137038700, -0.179343500, 0.017255600)
(0.137038700, -0.179343500, 0.017255600)
(0.125465500, -0.159197300, 0.009901762)
(0.125465500, -0.159197300, 0.009901762)
(0.113542300, -0.142860300, 0.001644433)
(0.113542300, -0.142860300, 0.001644433)
(0.113542300, -0.142860300, 0.001644433)
(0.107547400, -0.134447200, -0.002417862)
(0.095357590, -0.116685300, -0.007289112)
(0.095357590, -0.116685300, -0.007289112)
(0.085719730, -0.102495100, -0.010046240)
(0.085719730, -0.102495100, -0.010046240)
(0.085719730, -0.102495100, -0.010046240)
(0.082187730, -0.095320110, -0.011968200)
(0.073843870, -0.083838110, -0.013780360)
(0.073843870, -0.083838110, -0.013780360)
(0.072317230, -0.069716480, -0.015707490)
(0.072317230, -0.069716480, -0.015707490)
(0.072831290, -0.060336720, -0.017806110)
(0.072831290, -0.060336720, -0.017806110)
(0.068945740, -0.045045530, -0.021130080)
(0.068945740, -0.045045530, -0.021130080)
(0.060920070, -0.032108310, -0.023129940)
(0.060920070, -0.032108310, -0.023129940)
(0.060920070, -0.032108310, -0.023129940)
(0.056265900, -0.025723130, -0.023734450)
(0.056265900, -0.025723130, -0.023734450)
(0.045990930, -0.015422710, -0.024142800)
(0.038500550, -0.005825145, -0.024514790)
(0.038500550, -0.005825145, -0.024514790)
(0.035336960, -0.002169402, -0.024758580)
(0.035336960, -0.002169402, -0.024758580)
(0.025758490, 0.004703674, -0.024753390)
(0.025758490, 0.004703674, -0.024753390)
(0.016758430, 0.011282600, -0.024225410)
(0.016758430, 0.011282600, -0.024225410)
(0.016758430, 0.011282600, -0.024225410)
(0.013789290, 0.013876970, -0.024002490)
(0.009205117, 0.021641710, -0.023656370)
(0.009205117, 0.021641710, -0.023656370)
(0.008121124, 0.029601610, -0.023533700)
(0.008121124, 0.029601610, -0.023533700)
(0.007689081, 0.035110670, -0.023599920)
(0.007689081, 0.035110670, -0.023599920)
(0.008979548, 0.042459640, -0.024057450)
(0.008979548, 0.042459640, -0.024057450)
(0.009722717, 0.046332460, -0.025300090)
(0.009722717, 0.046332460, -0.025300090)
(0.009722717, 0.046332460, -0.025300090)
(0.009375529, 0.047900120, -0.025817570)
(0.009375529, 0.047900120, -0.025817570)
(0.008700948, 0.049199780, -0.025954720)
(0.008625291, 0.049046340, -0.025591020)
(0.008625291, 0.049046340, -0.025591020)
(0.008625291, 0.049046340, -0.025591020)
(0.008286584, 0.048638340, -0.024858360)
(0.007009553, 0.045244220, -0.023135480)
(0.007009553, 0.045244220, -0.023135480)
(0.006395781, 0.041185430, -0.021967830)
(0.006395781, 0.041185430, -0.021967830)
(0.006395781, 0.041185430, -0.021967830)
(0.006208396, 0.039486260, -0.021488960)
(0.007370176, 0.035942940, -0.020118650)
(0.007370176, 0.035942940, -0.020118650)
(0.010091120, 0.035179260, -0.018499790)
(0.010091120, 0.035179260, -0.018499790)
(0.010091120, 0.035179260, -0.018499790)
(0.011281890, 0.034919050, -0.017860290)
(0.011281890, 0.034919050, -0.017860290)
